epoch,lr-AdamW,step,train_loss_epoch,train_loss_step,train_r2_epoch,train_r2_step,train_rmse_epoch,train_rmse_step,val_loss,val_r2,val_rmse
,0.001,0,,,,,,,,,
0,,9,,641.0770874023438,,-7.087645530700684,,25.053186416625977,,,
0,,19,,666.8361206054688,,-6.5581769943237305,,25.528545379638672,,,
0,,29,,695.1723022460938,,-6.172769546508789,,26.06300926208496,,,
0,,39,,723.1078491210938,,-8.122783660888672,,26.54278564453125,,,
0,,49,,669.24267578125,,-6.789489269256592,,25.573974609375,,,
0,,59,,660.274658203125,,-5.882261276245117,,25.398773193359375,,,
0,,69,,741.0223388671875,,-6.780725479125977,,26.931045532226562,,,
0,,73,,,,,,,693.8627319335938,-7.0955891609191895,26.02606964111328
0,,73,715.2430419921875,,-7.025540828704834,,26.420419692993164,,,,
,0.001,74,,,,,,,,,
1,,79,,771.5332641601562,,-6.317655086517334,,27.412490844726562,,,
1,,89,,676.9251098632812,,-6.5562543869018555,,25.753620147705078,,,
1,,99,,814.51025390625,,-7.171950817108154,,28.23160171508789,,,
1,,109,,631.32763671875,,-6.434096336364746,,24.85715103149414,,,
1,,119,,761.0635375976562,,-5.69879674911499,,27.191442489624023,,,
1,,129,,607.905517578125,,-5.543760299682617,,24.33765411376953,,,
1,,139,,550.0335693359375,,-7.242328643798828,,23.215185165405273,,,
1,,147,,,,,,,662.14013671875,-6.729726791381836,25.42472267150879
1,,147,680.5660400390625,,-6.637003421783447,,25.755342483520508,,,,
,0.001,148,,,,,,,,,
2,,149,,727.660400390625,,-6.17457389831543,,26.63761329650879,,,
2,,159,,717.4390869140625,,-6.145660400390625,,26.39143943786621,,,
2,,169,,670.3153686523438,,-5.002079963684082,,25.496440887451172,,,
2,,179,,656.832763671875,,-5.87654972076416,,25.2694149017334,,,
2,,189,,602.7640380859375,,-5.072856903076172,,24.219013214111328,,,
2,,199,,529.4493408203125,,-5.4380340576171875,,22.641727447509766,,,
2,,209,,640.2308959960938,,-5.8669328689575195,,25.03361701965332,,,
2,,219,,528.084228515625,,-6.07241678237915,,22.695960998535156,,,
2,,221,,,,,,,599.4445190429688,-5.982539176940918,24.174480438232422
2,,221,633.3284301757812,,-6.162826061248779,,24.834232330322266,,,,
,0.001,222,,,,,,,,,
3,,229,,620.9898071289062,,-6.587392807006836,,24.61199951171875,,,
3,,239,,638.6089477539062,,-6.371125221252441,,24.98247528076172,,,
3,,249,,646.7608032226562,,-4.817234039306641,,25.117359161376953,,,
3,,259,,706.0814208984375,,-7.99467134475708,,26.309307098388672,,,
3,,269,,657.5721435546875,,-5.851506233215332,,25.309049606323242,,,
3,,279,,641.7838745117188,,-9.007685661315918,,25.027355194091797,,,
3,,289,,642.7720947265625,,-5.8885393142700195,,25.039321899414062,,,
3,,295,,,,,,,534.1123657226562,-5.2136759757995605,22.804893493652344
3,,295,577.1138916015625,,-5.503321170806885,,23.68581771850586,,,,
,0.001,296,,,,,,,,,
4,,299,,447.5925598144531,,-3.4735214710235596,,20.840534210205078,,,
4,,309,,502.0827941894531,,-4.573016166687012,,22.060466766357422,,,
4,,319,,475.5618896484375,,-5.179539680480957,,21.568294525146484,,,
4,,329,,564.55615234375,,-5.721643447875977,,23.45720672607422,,,
4,,339,,483.60296630859375,,-4.118962287902832,,21.669700622558594,,,
4,,349,,459.181640625,,-4.752333164215088,,21.121246337890625,,,
4,,359,,536.2296752929688,,-4.351348876953125,,22.862869262695312,,,
4,,369,,491.1218566894531,,-5.060110092163086,,21.846343994140625,,,
4,,369,,,,,,,462.4335021972656,-4.357501983642578,21.198116302490234
4,,369,513.572998046875,,-4.784727096557617,,22.329999923706055,,,,
,0.001,370,,,,,,,,,
5,,379,,487.0135803222656,,-5.322113037109375,,21.737701416015625,,,
5,,389,,448.31756591796875,,-4.361586570739746,,20.893390655517578,,,
5,,399,,431.0963134765625,,-3.4582531452178955,,20.488977432250977,,,
5,,409,,457.6522216796875,,-3.456040859222412,,21.1116886138916,,,
5,,419,,404.83416748046875,,-2.950486660003662,,19.831424713134766,,,
5,,429,,475.80865478515625,,-3.6885926723480225,,21.456501007080078,,,
5,,439,,374.599853515625,,-3.0331592559814453,,19.060176849365234,,,
5,,443,,,,,,,386.79193115234375,-3.4579758644104004,19.346315383911133
5,,443,441.7777404785156,,-3.91741681098938,,20.67156410217285,,,,
,0.001,444,,,,,,,,,
6,,449,,389.8752746582031,,-3.6881141662597656,,19.470855712890625,,,
6,,459,,325.1818542480469,,-2.827988862991333,,17.749937057495117,,,
6,,469,,376.46405029296875,,-3.0676426887512207,,19.0682373046875,,,
6,,479,,397.4840087890625,,-2.465674877166748,,19.584026336669922,,,
6,,489,,321.3181457519531,,-2.6968860626220703,,17.58265495300293,,,
6,,499,,307.0914611816406,,-2.5150322914123535,,17.176593780517578,,,
6,,509,,270.6484069824219,,-2.05253267288208,,16.165603637695312,,,
6,,517,,,,,,,319.7760314941406,-2.653299331665039,17.53994369506836
6,,517,364.2495422363281,,-3.050926923751831,,18.714065551757812,,,,
,0.001,518,,,,,,,,,
7,,519,,334.82867431640625,,-2.797616958618164,,17.997451782226562,,,
7,,529,,309.5193176269531,,-2.6976916790008545,,17.252779006958008,,,
7,,539,,283.9630432128906,,-2.338344097137451,,16.412456512451172,,,
7,,549,,263.50787353515625,,-1.3577123880386353,,15.92805290222168,,,
7,,559,,277.6686706542969,,-1.7434123754501343,,16.31510353088379,,,
7,,569,,263.87603759765625,,-1.232187271118164,,15.781038284301758,,,
7,,579,,306.0340576171875,,-2.2500033378601074,,17.130836486816406,,,
7,,589,,254.71621704101562,,-1.356545329093933,,15.510974884033203,,,
7,,591,,,,,,,244.43055725097656,-1.7649188041687012,15.280238151550293
7,,591,288.2138671875,,-2.1582295894622803,,16.60093116760254,,,,
,0.001,592,,,,,,,,,
8,,599,,302.98114013671875,,-2.2217307090759277,,17.01465606689453,,,
8,,609,,181.9539337158203,,-0.796062171459198,,13.208686828613281,,,
8,,619,,177.12713623046875,,-0.8122843503952026,,12.941022872924805,,,
8,,629,,269.1152648925781,,-2.643681049346924,,15.972780227661133,,,
8,,639,,171.18994140625,,-0.9492267966270447,,12.723247528076172,,,
8,,649,,209.62454223632812,,-1.3946800231933594,,14.033563613891602,,,
8,,659,,192.35704040527344,,-1.0559797286987305,,13.45037841796875,,,
8,,665,,,,,,,184.56593322753906,-1.0618175268173218,13.204265594482422
8,,665,220.63084411621094,,-1.3914133310317993,,14.440247535705566,,,,
,0.001,666,,,,,,,,,
9,,669,,197.46786499023438,,-0.9502774477005005,,13.717443466186523,,,
9,,679,,183.86538696289062,,-0.6620136499404907,,13.2249116897583,,,
9,,689,,169.67227172851562,,-0.7013169527053833,,12.694332122802734,,,
9,,699,,178.59169006347656,,-0.8075898885726929,,12.965816497802734,,,
9,,709,,164.4455108642578,,-0.5347371697425842,,12.40638542175293,,,
9,,719,,124.72428894042969,,-0.7138414978981018,,10.906217575073242,,,
9,,729,,100.94068908691406,,-0.0905805230140686,,9.748398780822754,,,
9,,739,,112.89977264404297,,-0.2352428436279297,,10.323373794555664,,,
9,,739,,,,,,,124.92711639404297,-0.3735530376434326,10.784895896911621
9,,739,161.27537536621094,,-0.7262013554573059,,12.246121406555176,,,,
,0.001,740,,,,,,,,,
10,,749,,124.64623260498047,,-0.4041561782360077,,10.790833473205566,,,
10,,759,,101.51036834716797,,-0.04778546094894409,,9.803619384765625,,,
10,,769,,127.71440887451172,,-0.05080437660217285,,10.902223587036133,,,
10,,779,,125.57176208496094,,-0.34614914655685425,,10.7935209274292,,,
10,,789,,118.9888916015625,,-0.23756134510040283,,10.526639938354492,,,
10,,799,,78.32870483398438,,0.03331226110458374,,8.590168952941895,,,
10,,809,,117.8603286743164,,-0.14364078640937805,,10.4644775390625,,,
10,,813,,,,,,,90.52613830566406,0.017636846750974655,9.10848331451416
10,,813,119.58979797363281,,-0.2597064971923828,,10.523051261901855,,,,
,0.001,814,,,,,,,,,
11,,819,,117.09394836425781,,-0.36043912172317505,,10.454625129699707,,,
11,,829,,89.2939453125,,-0.12355723977088928,,9.163785934448242,,,
11,,839,,62.59141540527344,,0.39023298025131226,,7.6419267654418945,,,
11,,849,,72.16111755371094,,0.15059894323349,,8.182198524475098,,,
11,,859,,81.80528259277344,,0.33160513639450073,,8.656417846679688,,,
11,,869,,72.60893249511719,,0.34725460410118103,,8.18842601776123,,,
11,,879,,92.09325408935547,,-0.042345017194747925,,9.180519104003906,,,
11,,887,,,,,,,64.91716766357422,0.2983901798725128,7.6953887939453125
11,,887,87.81977081298828,,0.0705782100558281,,8.975712776184082,,,,
,0.001,888,,,,,,,,,
12,,889,,44.27127456665039,,0.49086111783981323,,6.496485233306885,,,
12,,899,,64.32688903808594,,0.33290430903434753,,7.741186141967773,,,
12,,909,,97.70921325683594,,0.048666805028915405,,9.490955352783203,,,
12,,919,,45.011295318603516,,0.43548718094825745,,6.510583877563477,,,
12,,929,,45.12656784057617,,0.6159999370574951,,6.4791741371154785,,,
12,,939,,52.312599182128906,,0.49124687910079956,,7.0051469802856445,,,
12,,949,,81.44078826904297,,0.06444326043128967,,8.667280197143555,,,
12,,959,,50.308406829833984,,0.3873799443244934,,6.922982692718506,,,
12,,961,,,,,,,52.012306213378906,0.43840789794921875,6.819733619689941
12,,961,64.40679168701172,,0.32095056772232056,,7.6861371994018555,,,,
,0.001,962,,,,,,,,,
13,,969,,61.38933563232422,,0.44729578495025635,,7.540759086608887,,,
13,,979,,44.60197067260742,,0.5686800479888916,,6.44461727142334,,,
13,,989,,47.467159271240234,,0.5221477150917053,,6.695376873016357,,,
13,,999,,46.98699951171875,,0.25504571199417114,,6.635529518127441,,,
13,,1009,,81.69172668457031,,0.0901896059513092,,8.713907241821289,,,
13,,1019,,36.19166564941406,,0.617188036441803,,5.884008407592773,,,
13,,1029,,44.22359848022461,,0.5515743494033813,,6.551398277282715,,,
13,,1035,,,,,,,50.86225891113281,0.4458222985267639,6.56392765045166
13,,1035,52.35028839111328,,0.43797555565834045,,6.977791786193848,,,,
,0.001,1036,,,,,,,,,
14,,1039,,28.24005126953125,,0.7471698522567749,,5.144175052642822,,,
14,,1049,,41.40126037597656,,0.5369666814804077,,6.293924331665039,,,
14,,1059,,61.37871551513672,,0.34396639466285706,,7.601609230041504,,,
14,,1069,,44.731201171875,,0.5161640048027039,,6.558815002441406,,,
14,,1079,,44.277809143066406,,0.5809005498886108,,6.529706954956055,,,
14,,1089,,44.28348922729492,,0.4366428554058075,,6.5944414138793945,,,
14,,1099,,48.989524841308594,,0.5397632122039795,,6.793262481689453,,,
14,,1109,,21.401235580444336,,0.6612539291381836,,4.622487545013428,,,
14,,1109,,,,,,,30.991046905517578,0.6533851623535156,5.295811176300049
14,,1109,43.324790954589844,,0.5310507416725159,,6.379687309265137,,,,
,0.001,1110,,,,,,,,,
15,,1119,,33.891845703125,,0.6262174844741821,,5.627725601196289,,,
15,,1129,,44.700408935546875,,0.5689741969108582,,6.511507034301758,,,
15,,1139,,25.342613220214844,,0.7289052605628967,,5.025208950042725,,,
15,,1149,,42.788734436035156,,0.5888562202453613,,6.365015983581543,,,
15,,1159,,28.006031036376953,,0.698238730430603,,5.254861831665039,,,
15,,1169,,53.76282501220703,,0.3661598563194275,,7.213932037353516,,,
15,,1179,,47.163150787353516,,0.5084939002990723,,6.742954254150391,,,
15,,1183,,,,,,,29.58203125,0.664678156375885,5.226014137268066
15,,1183,38.94710922241211,,0.5652858018875122,,6.077473163604736,,,,
,0.001,1184,,,,,,,,,
16,,1189,,37.819679260253906,,0.6638972759246826,,6.012876510620117,,,
16,,1199,,17.58867835998535,,0.7885029315948486,,4.136898517608643,,,
16,,1209,,21.398834228515625,,0.7948428988456726,,4.535708427429199,,,
16,,1219,,49.375099182128906,,0.4637453556060791,,6.924178123474121,,,
16,,1229,,28.97102165222168,,0.7243731021881104,,5.314760684967041,,,
16,,1239,,40.97922134399414,,0.5543316006660461,,6.298744201660156,,,
16,,1249,,36.1866455078125,,0.5702570676803589,,5.9172444343566895,,,
16,,1257,,,,,,,22.974477767944336,0.7339104413986206,4.68491268157959
16,,1257,36.66801834106445,,0.591193675994873,,5.929224491119385,,,,
,0.001,1258,,,,,,,,,
17,,1259,,33.562705993652344,,0.5769570469856262,,5.733907222747803,,,
17,,1269,,38.403350830078125,,0.556242823600769,,6.122903347015381,,,
17,,1279,,41.697689056396484,,0.6214917302131653,,6.2898359298706055,,,
17,,1289,,27.611188888549805,,0.6342126131057739,,5.169632911682129,,,
17,,1299,,31.720481872558594,,0.6179771423339844,,5.50669002532959,,,
17,,1309,,27.717355728149414,,0.6118150949478149,,5.240276336669922,,,
17,,1319,,27.64351463317871,,0.6168793439865112,,5.203792572021484,,,
17,,1329,,47.542137145996094,,0.5095970630645752,,6.841923236846924,,,
17,,1331,,,,,,,20.129257202148438,0.764192521572113,4.401859760284424
17,,1331,33.14936447143555,,0.6277967095375061,,5.666411399841309,,,,
,0.001,1332,,,,,,,,,
18,,1339,,35.61017608642578,,0.6673303842544556,,5.914065361022949,,,
18,,1349,,41.12802505493164,,0.4783135950565338,,6.339689254760742,,,
18,,1359,,43.369972229003906,,0.5750282406806946,,6.474476337432861,,,
18,,1369,,30.04222869873047,,0.5772768259048462,,5.456979751586914,,,
18,,1379,,28.447437286376953,,0.7155046463012695,,5.296163558959961,,,
18,,1389,,34.62187194824219,,0.6776065230369568,,5.745530128479004,,,
18,,1399,,30.829341888427734,,0.5909937620162964,,5.526571273803711,,,
18,,1405,,,,,,,18.425243377685547,0.7834307551383972,4.233852386474609
18,,1405,32.709693908691406,,0.6312178373336792,,5.618144512176514,,,,
,0.001,1406,,,,,,,,,
19,,1409,,25.675222396850586,,0.6586015224456787,,5.032227516174316,,,
19,,1419,,27.168344497680664,,0.7226576805114746,,5.167986869812012,,,
19,,1429,,40.07815933227539,,0.43165382742881775,,6.286263942718506,,,
19,,1439,,35.32872009277344,,0.6188749670982361,,5.817344665527344,,,
19,,1449,,24.937232971191406,,0.7301535606384277,,4.958703994750977,,,
19,,1459,,29.271625518798828,,0.5831727981567383,,5.3854780197143555,,,
19,,1469,,26.25461196899414,,0.7349242568016052,,5.086225509643555,,,
19,,1479,,43.853553771972656,,0.49884989857673645,,6.56923770904541,,,
19,,1479,,,,,,,19.66635513305664,0.7688843607902527,4.337103366851807
19,,1479,33.17802047729492,,0.6209239959716797,,5.670103549957275,,,,
,0.001,1480,,,,,,,,,
20,,1489,,32.11992645263672,,0.6797460317611694,,5.548890113830566,,,
20,,1499,,33.729244232177734,,0.6350540518760681,,5.7601118087768555,,,
20,,1509,,33.06705093383789,,0.6639308929443359,,5.6479902267456055,,,
20,,1519,,31.47400665283203,,0.6592659950256348,,5.545699119567871,,,
20,,1529,,20.612546920776367,,0.7944464683532715,,4.493471145629883,,,
20,,1539,,29.764171600341797,,0.6535905599594116,,5.408603191375732,,,
20,,1549,,38.99553298950195,,0.5793237686157227,,6.1897125244140625,,,
20,,1553,,,,,,,21.946508407592773,0.7477160096168518,4.4960832595825195
20,,1553,31.614168167114258,,0.6414225697517395,,5.538696765899658,,,,
,0.001,1554,,,,,,,,,
21,,1559,,21.111082077026367,,0.7480131983757019,,4.537813186645508,,,
21,,1569,,27.415721893310547,,0.5854114890098572,,5.200634956359863,,,
21,,1579,,38.347877502441406,,0.5234062671661377,,6.141632080078125,,,
21,,1589,,33.8160400390625,,0.661275327205658,,5.758963584899902,,,
21,,1599,,33.991310119628906,,0.5737167000770569,,5.783028602600098,,,
21,,1609,,38.98318099975586,,0.5925694704055786,,6.224152565002441,,,
21,,1619,,36.18265151977539,,0.6843188405036926,,5.937955856323242,,,
21,,1627,,,,,,,22.76064682006836,0.7400146722793579,4.549929141998291
21,,1627,30.76939582824707,,0.651512622833252,,5.464478492736816,,,,
,0.001,1628,,,,,,,,,
22,,1629,,25.687389373779297,,0.7312995195388794,,5.023843765258789,,,
22,,1639,,30.273757934570312,,0.6795396208763123,,5.478532791137695,,,
22,,1649,,22.69151496887207,,0.6483541131019592,,4.7219953536987305,,,
22,,1659,,26.90919303894043,,0.7076452970504761,,5.168740272521973,,,
22,,1669,,30.136150360107422,,0.6882390975952148,,5.442716598510742,,,
22,,1679,,36.807743072509766,,0.5396655797958374,,6.015477180480957,,,
22,,1689,,28.141624450683594,,0.631830096244812,,5.204608917236328,,,
22,,1699,,18.58974266052246,,0.7815931439399719,,4.289557456970215,,,
22,,1701,,,,,,,19.61484146118164,0.7718467712402344,4.2990851402282715
22,,1701,30.79111099243164,,0.6490282416343689,,5.473869323730469,,,,
,0.001,1702,,,,,,,,,
23,,1709,,23.43027687072754,,0.744442343711853,,4.8003740310668945,,,
23,,1719,,26.690231323242188,,0.7200889587402344,,5.153420448303223,,,
23,,1729,,40.967464447021484,,0.4728544056415558,,6.348524570465088,,,
23,,1739,,30.101604461669922,,0.6491822004318237,,5.478028774261475,,,
23,,1749,,24.960691452026367,,0.7127074599266052,,4.990320205688477,,,
23,,1759,,15.887042045593262,,0.8215731382369995,,3.9572460651397705,,,
23,,1769,,30.17346954345703,,0.7310299873352051,,5.444787979125977,,,
23,,1775,,,,,,,19.62041473388672,0.7722194194793701,4.279819011688232
23,,1775,30.174352645874023,,0.6548303961753845,,5.413595199584961,,,,
,0.001,1776,,,,,,,,,
24,,1779,,31.67356300354004,,0.5864057540893555,,5.571369647979736,,,
24,,1789,,25.769193649291992,,0.7163598537445068,,5.041007041931152,,,
24,,1799,,24.83363914489746,,0.7661213874816895,,4.939054489135742,,,
24,,1809,,28.814891815185547,,0.6919177770614624,,5.304201126098633,,,
24,,1819,,30.719697952270508,,0.6652819514274597,,5.4922332763671875,,,
24,,1829,,29.029159545898438,,0.6283177137374878,,5.361732482910156,,,
24,,1839,,31.067996978759766,,0.6374932527542114,,5.526268482208252,,,
24,,1849,,40.43358612060547,,0.46616753935813904,,6.305261135101318,,,
24,,1849,,,,,,,18.35393524169922,0.7876140475273132,4.156300067901611
24,,1849,29.550960540771484,,0.6569951772689819,,5.365635395050049,,,,
,0.001,1850,,,,,,,,,
25,,1859,,26.4989013671875,,0.7064167857170105,,5.068999290466309,,,
25,,1869,,27.783349990844727,,0.6374924182891846,,5.184514999389648,,,
25,,1879,,23.020044326782227,,0.7281033992767334,,4.795454502105713,,,
25,,1889,,19.325061798095703,,0.804090142250061,,4.392367362976074,,,
25,,1899,,30.436458587646484,,0.6240726709365845,,5.465362548828125,,,
25,,1909,,24.384654998779297,,0.6781156063079834,,4.924531936645508,,,
25,,1919,,39.58233642578125,,0.5439714193344116,,6.197250843048096,,,
25,,1923,,,,,,,23.8597469329834,0.7244219779968262,4.6398024559021
25,,1923,28.633317947387695,,0.6723299026489258,,5.261927127838135,,,,
,0.001,1924,,,,,,,,,
26,,1929,,28.853471755981445,,0.7043545842170715,,5.3453216552734375,,,
26,,1939,,24.552106857299805,,0.743503212928772,,4.933062553405762,,,
26,,1949,,26.335302352905273,,0.7516852617263794,,5.112339973449707,,,
26,,1959,,39.419612884521484,,0.5471218228340149,,6.241330146789551,,,
26,,1969,,28.538074493408203,,0.5966192483901978,,5.300775527954102,,,
26,,1979,,43.837745666503906,,0.3292886018753052,,6.587119102478027,,,
26,,1989,,30.40648651123047,,0.6128435134887695,,5.47756290435791,,,
26,,1997,,,,,,,18.124088287353516,0.7905450463294983,4.129167079925537
26,,1997,29.447246551513672,,0.6597985625267029,,5.344361305236816,,,,
,0.001,1998,,,,,,,,,
27,,1999,,22.25101089477539,,0.7789327502250671,,4.692388534545898,,,
27,,2009,,26.92246437072754,,0.7183828353881836,,5.142335891723633,,,
27,,2019,,33.51133728027344,,0.6799415349960327,,5.733078956604004,,,
27,,2029,,24.393394470214844,,0.6826678514480591,,4.918437957763672,,,
27,,2039,,32.79338836669922,,0.6811637878417969,,5.635047912597656,,,
27,,2049,,24.141016006469727,,0.713051438331604,,4.8538360595703125,,,
27,,2059,,29.432281494140625,,0.6945351362228394,,5.371149063110352,,,
27,,2069,,27.298206329345703,,0.6763027906417847,,5.163319110870361,,,
27,,2071,,,,,,,18.624696731567383,0.7830371260643005,4.203677654266357
27,,2071,27.55290985107422,,0.6852610111236572,,5.178174018859863,,,,
,0.001,2072,,,,,,,,,
28,,2079,,23.8153076171875,,0.7515777349472046,,4.869143486022949,,,
28,,2089,,25.445350646972656,,0.7714797258377075,,4.958364486694336,,,
28,,2099,,25.45782470703125,,0.6540247797966003,,4.954245567321777,,,
28,,2109,,29.041818618774414,,0.5653477907180786,,5.373597145080566,,,
28,,2119,,33.489295959472656,,0.6586065292358398,,5.756577491760254,,,
28,,2129,,28.84591293334961,,0.6833405494689941,,5.350351333618164,,,
28,,2139,,27.603103637695312,,0.6912181973457336,,5.1865234375,,,
28,,2145,,,,,,,16.49900245666504,0.8062269687652588,3.9835164546966553
28,,2145,27.974328994750977,,0.6811951398849487,,5.21279239654541,,,,
,0.001,2146,,,,,,,,,
29,,2149,,24.770442962646484,,0.7327471375465393,,4.932531356811523,,,
29,,2159,,28.93380355834961,,0.6845791339874268,,5.342591285705566,,,
29,,2169,,25.915889739990234,,0.6369709968566895,,5.06644344329834,,,
29,,2179,,20.904109954833984,,0.7292308807373047,,4.566371440887451,,,
29,,2189,,26.781963348388672,,0.6985956430435181,,5.158064842224121,,,
29,,2199,,27.881465911865234,,0.7032038569450378,,5.226716995239258,,,
29,,2209,,45.572265625,,0.4341052770614624,,6.69948673248291,,,
29,,2219,,41.976539611816406,,0.44859549403190613,,6.441562652587891,,,
29,,2219,,,,,,,16.13560676574707,0.8083199262619019,3.961822986602783
29,,2219,27.887968063354492,,0.6795912384986877,,5.205162525177002,,,,
,0.001,2220,,,,,,,,,
30,,2229,,29.152429580688477,,0.5506330728530884,,5.311913967132568,,,
30,,2239,,29.124561309814453,,0.7255626320838928,,5.341275215148926,,,
30,,2249,,23.897329330444336,,0.7446382641792297,,4.865804672241211,,,
30,,2259,,24.58020782470703,,0.6967846155166626,,4.933074474334717,,,
30,,2269,,30.07396125793457,,0.5643531680107117,,5.420219898223877,,,
30,,2279,,20.617631912231445,,0.7625750303268433,,4.499635696411133,,,
30,,2289,,22.113271713256836,,0.778386116027832,,4.646845817565918,,,
30,,2293,,,,,,,16.119609832763672,0.8076038360595703,3.9677953720092773
30,,2293,28.45039176940918,,0.6743507981300354,,5.258790493011475,,,,
,0.001,2294,,,,,,,,,
31,,2299,,28.09442710876465,,0.7139245271682739,,5.26738166809082,,,
31,,2309,,28.2606143951416,,0.7003103494644165,,5.297884941101074,,,
31,,2319,,21.79326057434082,,0.7757346630096436,,4.64130973815918,,,
31,,2329,,27.8898868560791,,0.6602858901023865,,5.215424537658691,,,
31,,2339,,35.028629302978516,,0.6074475049972534,,5.844442844390869,,,
31,,2349,,30.44619369506836,,0.6256450414657593,,5.468681335449219,,,
31,,2359,,25.850679397583008,,0.7424677014350891,,5.056115627288818,,,
31,,2367,,,,,,,22.884916305541992,0.7393066883087158,4.421271324157715
31,,2367,25.965635299682617,,0.7034838199615479,,5.015995025634766,,,,
,0.001,2368,,,,,,,,,
32,,2369,,31.646209716796875,,0.6091930866241455,,5.595111846923828,,,
32,,2379,,19.941532135009766,,0.8155210018157959,,4.448904991149902,,,
32,,2389,,37.03826904296875,,0.5312896966934204,,6.0232133865356445,,,
32,,2399,,17.52179718017578,,0.7962217330932617,,4.155276298522949,,,
32,,2409,,25.585628509521484,,0.7034125328063965,,5.020813941955566,,,
32,,2419,,23.961532592773438,,0.689565896987915,,4.838826656341553,,,
32,,2429,,23.83261489868164,,0.7433139085769653,,4.774259567260742,,,
32,,2439,,18.476272583007812,,0.7337775826454163,,4.257111072540283,,,
32,,2441,,,,,,,16.555036544799805,0.8057156205177307,3.9679064750671387
32,,2441,26.876874923706055,,0.6914855241775513,,5.110576152801514,,,,
,0.001,2442,,,,,,,,,
33,,2449,,21.68311309814453,,0.727033793926239,,4.609769344329834,,,
33,,2459,,27.213531494140625,,0.7433974742889404,,5.12384033203125,,,
33,,2469,,23.340383529663086,,0.7254578471183777,,4.808103561401367,,,
33,,2479,,28.16609001159668,,0.6657804250717163,,5.24724006652832,,,
33,,2489,,32.2056884765625,,0.5436916351318359,,5.564800262451172,,,
33,,2499,,27.313011169433594,,0.6374344825744629,,5.220054626464844,,,
33,,2509,,26.162029266357422,,0.755058228969574,,5.040223121643066,,,
33,,2515,,,,,,,18.61041831970215,0.7842801213264465,4.141676425933838
33,,2515,27.287031173706055,,0.689228355884552,,5.12603235244751,,,,
,0.001,2516,,,,,,,,,
34,,2519,,19.025196075439453,,0.7388483285903931,,4.3318190574646,,,
34,,2529,,22.442699432373047,,0.7899916172027588,,4.667571067810059,,,
34,,2539,,25.517669677734375,,0.6690106391906738,,4.966248989105225,,,
34,,2549,,42.394569396972656,,0.5187437534332275,,6.463411331176758,,,
34,,2559,,36.64653778076172,,0.588201642036438,,5.989902496337891,,,
34,,2569,,34.49422836303711,,0.5361959934234619,,5.8213958740234375,,,
34,,2579,,31.523418426513672,,0.6386405229568481,,5.569601058959961,,,
34,,2589,,28.481037139892578,,0.6894683837890625,,5.32634162902832,,,
34,,2589,,,,,,,18.076515197753906,0.7895586490631104,4.11237096786499
34,,2589,26.0426082611084,,0.704719603061676,,5.0276994705200195,,,,
,0.001,2590,,,,,,,,,
35,,2599,,26.854232788085938,,0.6873750686645508,,5.162096977233887,,,
35,,2609,,16.750850677490234,,0.8340709209442139,,4.068419456481934,,,
35,,2619,,32.897438049316406,,0.6364793181419373,,5.712072372436523,,,
35,,2629,,33.939476013183594,,0.5952129364013672,,5.784666061401367,,,
35,,2639,,21.747013092041016,,0.7186614871025085,,4.603053092956543,,,
35,,2649,,27.523380279541016,,0.6798185110092163,,5.180995941162109,,,
35,,2659,,26.36111831665039,,0.739510715007782,,5.1026716232299805,,,
35,,2663,,,,,,,16.364561080932617,0.806697428226471,3.9606683254241943
35,,2663,25.909215927124023,,0.7044063806533813,,5.018782615661621,,,,
,0.001,2664,,,,,,,,,
36,,2669,,23.412776947021484,,0.7575579285621643,,4.780508041381836,,,
36,,2679,,40.471683502197266,,0.5198188424110413,,6.274399757385254,,,
36,,2689,,23.56072998046875,,0.7472293972969055,,4.824750900268555,,,
36,,2699,,25.576372146606445,,0.6801416277885437,,5.038296699523926,,,
36,,2709,,23.89129638671875,,0.7154106497764587,,4.865861415863037,,,
36,,2719,,23.0709228515625,,0.7821968197822571,,4.749601364135742,,,
36,,2729,,24.437885284423828,,0.7206108570098877,,4.923171520233154,,,
36,,2737,,,,,,,25.101415634155273,0.7205447554588318,4.4806718826293945
36,,2737,26.15363121032715,,0.7026689052581787,,5.041073322296143,,,,
,0.001,2738,,,,,,,,,
37,,2739,,26.895463943481445,,0.6335963606834412,,5.129722595214844,,,
37,,2749,,20.786157608032227,,0.7485707998275757,,4.538989543914795,,,
37,,2759,,23.602880477905273,,0.7460931539535522,,4.789861679077148,,,
37,,2769,,17.512731552124023,,0.7563471794128418,,4.150092124938965,,,
37,,2779,,29.350738525390625,,0.6844643354415894,,5.365503787994385,,,
37,,2789,,29.23628807067871,,0.651216983795166,,5.306705474853516,,,
37,,2799,,23.747814178466797,,0.7431665658950806,,4.8364667892456055,,,
37,,2809,,19.422101974487305,,0.7720436453819275,,4.398747444152832,,,
37,,2811,,,,,,,15.758296012878418,0.8129774928092957,3.90807843208313
37,,2811,24.902359008789062,,0.7143089175224304,,4.920541763305664,,,,
,0.001,2812,,,,,,,,,
38,,2819,,27.804691314697266,,0.7404334545135498,,5.215428829193115,,,
38,,2829,,23.029010772705078,,0.7818816304206848,,4.748834609985352,,,
38,,2839,,18.044771194458008,,0.7086370587348938,,4.236972332000732,,,
38,,2849,,22.084375381469727,,0.7935581207275391,,4.639105796813965,,,
38,,2859,,29.865150451660156,,0.7020769715309143,,5.420485973358154,,,
38,,2869,,19.73528289794922,,0.8207576274871826,,4.3630523681640625,,,
38,,2879,,30.035165786743164,,0.6577538847923279,,5.405853271484375,,,
38,,2885,,,,,,,15.720372200012207,0.8163471221923828,3.8660247325897217
38,,2885,25.87441635131836,,0.7039828896522522,,5.015038013458252,,,,
,0.001,2886,,,,,,,,,
39,,2889,,16.814449310302734,,0.8157002925872803,,4.0596771240234375,,,
39,,2899,,18.878211975097656,,0.7991318702697754,,4.30039644241333,,,
39,,2909,,22.842498779296875,,0.7746992111206055,,4.758192539215088,,,
39,,2919,,25.813343048095703,,0.7209413647651672,,5.02766227722168,,,
39,,2929,,29.127845764160156,,0.6647170782089233,,5.346536636352539,,,
39,,2939,,31.610118865966797,,0.6770451664924622,,5.568387031555176,,,
39,,2949,,21.083520889282227,,0.7633185386657715,,4.560630798339844,,,
39,,2959,,30.443071365356445,,0.5181684494018555,,5.474375247955322,,,
39,,2959,,,,,,,15.4420747756958,0.8162891864776611,3.8658254146575928
39,,2959,24.310436248779297,,0.7226351499557495,,4.855023384094238,,,,
,0.001,2960,,,,,,,,,
40,,2969,,22.29073715209961,,0.7954446077346802,,4.663955211639404,,,
40,,2979,,24.47325897216797,,0.7175196409225464,,4.92124605178833,,,
40,,2989,,17.425128936767578,,0.7806530594825745,,4.160064697265625,,,
40,,2999,,19.472286224365234,,0.776011049747467,,4.350060939788818,,,
40,,3009,,27.711259841918945,,0.6464548707008362,,5.263923168182373,,,
40,,3019,,30.70037078857422,,0.7386908531188965,,5.465333938598633,,,
40,,3029,,26.807106018066406,,0.7415530681610107,,5.124217987060547,,,
40,,3033,,,,,,,15.344451904296875,0.8166821002960205,3.862124443054199
40,,3033,24.229045867919922,,0.7234413027763367,,4.851955890655518,,,,
,0.001,3034,,,,,,,,,
41,,3039,,25.231578826904297,,0.7393050789833069,,4.995833396911621,,,
41,,3049,,25.902799606323242,,0.7268111705780029,,5.047335624694824,,,
41,,3059,,18.149417877197266,,0.7022128105163574,,4.236767292022705,,,
41,,3069,,26.985145568847656,,0.745386004447937,,5.1626996994018555,,,
41,,3079,,37.071754455566406,,0.6338858604431152,,6.0541839599609375,,,
41,,3089,,24.90897560119629,,0.696679413318634,,4.90431022644043,,,
41,,3099,,27.11797332763672,,0.737411618232727,,5.1646575927734375,,,
41,,3107,,,,,,,14.847696304321289,0.8216479420661926,3.798410415649414
41,,3107,24.87921905517578,,0.7171714305877686,,4.917116165161133,,,,
,0.001,3108,,,,,,,,,
42,,3109,,22.233661651611328,,0.7486435174942017,,4.679292678833008,,,
42,,3119,,29.17660903930664,,0.6658480167388916,,5.370637893676758,,,
42,,3129,,20.544710159301758,,0.7943594455718994,,4.46873140335083,,,
42,,3139,,23.21615982055664,,0.6871285438537598,,4.787830829620361,,,
42,,3149,,25.819353103637695,,0.7535198926925659,,5.026154518127441,,,
42,,3159,,18.966964721679688,,0.7762486338615417,,4.3404364585876465,,,
42,,3169,,25.15715789794922,,0.7203819751739502,,4.9678192138671875,,,
42,,3179,,22.469234466552734,,0.7605774402618408,,4.694401264190674,,,
42,,3181,,,,,,,14.09334945678711,0.8317826986312866,3.6963891983032227
42,,3181,24.77865982055664,,0.7145795822143555,,4.9048171043396,,,,
,0.001,3182,,,,,,,,,
43,,3189,,24.26251983642578,,0.7546387910842896,,4.902222633361816,,,
43,,3199,,32.08706283569336,,0.5831118822097778,,5.630938529968262,,,
43,,3209,,28.00823974609375,,0.6826886534690857,,5.246325492858887,,,
43,,3219,,18.471755981445312,,0.8085131049156189,,4.266148567199707,,,
43,,3229,,37.16941833496094,,0.5556100606918335,,6.049807548522949,,,
43,,3239,,18.476802825927734,,0.7650880217552185,,4.279766082763672,,,
43,,3249,,14.76998233795166,,0.831194281578064,,3.8270626068115234,,,
43,,3255,,,,,,,14.519908905029297,0.8270275592803955,3.747432231903076
43,,3255,24.091156005859375,,0.7246083617210388,,4.837961673736572,,,,
,0.001,3256,,,,,,,,,
44,,3259,,20.722087860107422,,0.8003273010253906,,4.481355667114258,,,
44,,3269,,23.075042724609375,,0.7262412309646606,,4.78145694732666,,,
44,,3279,,26.319496154785156,,0.764399528503418,,5.035155296325684,,,
44,,3289,,27.111099243164062,,0.6625854969024658,,5.15238094329834,,,
44,,3299,,28.922826766967773,,0.5818296670913696,,5.365079402923584,,,
44,,3309,,19.78534698486328,,0.7606884241104126,,4.401371955871582,,,
44,,3319,,24.421157836914062,,0.6900847554206848,,4.879973888397217,,,
44,,3329,,37.19074630737305,,0.48029226064682007,,6.072696208953857,,,
44,,3329,,,,,,,13.268617630004883,0.8416313529014587,3.584036350250244
44,,3329,24.521652221679688,,0.717921793460846,,4.877107620239258,,,,
,0.001,3330,,,,,,,,,
45,,3339,,18.810453414916992,,0.7906553745269775,,4.304643630981445,,,
45,,3349,,34.59359359741211,,0.6756317615509033,,5.829285621643066,,,
45,,3359,,23.01801109313965,,0.7440961599349976,,4.780139923095703,,,
45,,3369,,14.474893569946289,,0.8364821672439575,,3.775784730911255,,,
45,,3379,,16.436574935913086,,0.8368542194366455,,4.028622150421143,,,
45,,3389,,16.48396110534668,,0.8177525997161865,,4.053696632385254,,,
45,,3399,,25.396617889404297,,0.7651029825210571,,5.005720138549805,,,
45,,3403,,,,,,,13.920568466186523,0.8344607353210449,3.672408103942871
45,,3403,24.04971694946289,,0.724553644657135,,4.823935508728027,,,,
,0.001,3404,,,,,,,,,
46,,3409,,23.35363006591797,,0.7230539321899414,,4.7985968589782715,,,
46,,3419,,33.39690399169922,,0.5845500230789185,,5.730071544647217,,,
46,,3429,,26.088546752929688,,0.7107482552528381,,5.07708740234375,,,
46,,3439,,19.558666229248047,,0.7283380627632141,,4.414149284362793,,,
46,,3449,,19.816064834594727,,0.7760183215141296,,4.406144142150879,,,
46,,3459,,21.151845932006836,,0.7693332433700562,,4.532686233520508,,,
46,,3469,,24.62156867980957,,0.7077586650848389,,4.933863639831543,,,
46,,3477,,,,,,,13.609827041625977,0.8384518623352051,3.628965377807617
46,,3477,23.648645401000977,,0.7287184596061707,,4.790815830230713,,,,
,0.001,3478,,,,,,,,,
47,,3479,,22.029396057128906,,0.7223340272903442,,4.647387504577637,,,
47,,3489,,17.09239959716797,,0.7833240032196045,,4.075137138366699,,,
47,,3499,,25.62067413330078,,0.6662245392799377,,5.044616222381592,,,
47,,3509,,21.248998641967773,,0.7717113494873047,,4.553243637084961,,,
47,,3519,,17.244474411010742,,0.7767163515090942,,4.101560592651367,,,
47,,3529,,33.00745391845703,,0.5718565583229065,,5.687530517578125,,,
47,,3539,,14.40145492553711,,0.8195279836654663,,3.771895408630371,,,
47,,3549,,20.533143997192383,,0.776364266872406,,4.514578819274902,,,
47,,3551,,,,,,,13.874114036560059,0.8343378305435181,3.6672275066375732
47,,3551,24.89369010925293,,0.7142320275306702,,4.908293724060059,,,,
,0.001,3552,,,,,,,,,
48,,3559,,34.35186004638672,,0.6704902648925781,,5.8314056396484375,,,
48,,3569,,33.17257308959961,,0.7059768438339233,,5.69948673248291,,,
48,,3579,,25.15431022644043,,0.658620297908783,,4.970132827758789,,,
48,,3589,,23.481754302978516,,0.6581513285636902,,4.80255126953125,,,
48,,3599,,21.745023727416992,,0.774634838104248,,4.637847900390625,,,
48,,3609,,31.968387603759766,,0.6613497138023376,,5.57289981842041,,,
48,,3619,,33.75376892089844,,0.5845776796340942,,5.780638694763184,,,
48,,3625,,,,,,,13.15664005279541,0.8439066410064697,3.5687806606292725
48,,3625,24.96748924255371,,0.7159022092819214,,4.914915561676025,,,,
,0.001,3626,,,,,,,,,
49,,3629,,21.910388946533203,,0.7305691838264465,,4.666980743408203,,,
49,,3639,,23.01350975036621,,0.7504329681396484,,4.740942001342773,,,
49,,3649,,29.76797103881836,,0.6798314452171326,,5.406304359436035,,,
49,,3659,,25.60848045349121,,0.6927636861801147,,5.022954940795898,,,
49,,3669,,20.081382751464844,,0.8038884401321411,,4.421846389770508,,,
49,,3679,,16.609508514404297,,0.8202052712440491,,4.0388994216918945,,,
49,,3689,,21.444223403930664,,0.758048415184021,,4.586662292480469,,,
49,,3699,,26.6684627532959,,0.7124385833740234,,5.1638641357421875,,,
49,,3699,,,,,,,12.825494766235352,0.8466883301734924,3.5237557888031006
49,,3699,23.81878662109375,,0.7265216708183289,,4.810059070587158,,,,
,0.001,3700,,,,,,,,,
50,,3709,,18.349491119384766,,0.7950544357299805,,4.282644271850586,,,
50,,3719,,20.815616607666016,,0.7924498319625854,,4.509360313415527,,,
50,,3729,,15.332382202148438,,0.8337363004684448,,3.870537757873535,,,
50,,3739,,21.83869171142578,,0.7812771201133728,,4.630064964294434,,,
50,,3749,,16.414901733398438,,0.833955705165863,,4.022852897644043,,,
50,,3759,,27.604015350341797,,0.7132528424263,,5.216601371765137,,,
50,,3769,,20.399341583251953,,0.7814841270446777,,4.4978508949279785,,,
50,,3773,,,,,,,12.892817497253418,0.8462998270988464,3.521692991256714
50,,3773,23.25334358215332,,0.734556257724762,,4.752837657928467,,,,
,0.001,3774,,,,,,,,,
51,,3779,,15.934743881225586,,0.768682599067688,,3.9526896476745605,,,
51,,3789,,18.6596622467041,,0.802750825881958,,4.313351631164551,,,
51,,3799,,23.98745346069336,,0.7482496500015259,,4.858340263366699,,,
51,,3809,,20.325834274291992,,0.820240318775177,,4.426697731018066,,,
51,,3819,,18.797895431518555,,0.7465588450431824,,4.29556941986084,,,
51,,3829,,17.861848831176758,,0.8114365339279175,,4.197932243347168,,,
51,,3839,,28.884836196899414,,0.6847621202468872,,5.287763595581055,,,
51,,3847,,,,,,,14.51730728149414,0.8271061182022095,3.7436444759368896
51,,3847,22.65386962890625,,0.736878514289856,,4.683383464813232,,,,
,0.001,3848,,,,,,,,,
52,,3849,,31.12203025817871,,0.7114181518554688,,5.542942047119141,,,
52,,3859,,16.92287254333496,,0.8232686519622803,,4.101905822753906,,,
52,,3869,,29.505157470703125,,0.7192548513412476,,5.398600101470947,,,
52,,3879,,28.25325584411621,,0.6080401539802551,,5.291026592254639,,,
52,,3889,,30.7265682220459,,0.5057452917098999,,5.492241859436035,,,
52,,3899,,16.94989013671875,,0.7940871119499207,,4.090620994567871,,,
52,,3909,,25.877260208129883,,0.6909024119377136,,5.033697128295898,,,
52,,3919,,22.65547752380371,,0.7802374362945557,,4.737627983093262,,,
52,,3921,,,,,,,13.392081260681152,0.8399161696434021,3.593893051147461
52,,3921,22.866924285888672,,0.7402018904685974,,4.715023040771484,,,,
,0.001,3922,,,,,,,,,
53,,3929,,20.926668167114258,,0.7706303000450134,,4.5477495193481445,,,
53,,3939,,13.740236282348633,,0.8737412691116333,,3.628527879714966,,,
53,,3949,,41.07691955566406,,0.4349064230918884,,6.324211597442627,,,
53,,3959,,29.186214447021484,,0.7012065649032593,,5.3466315269470215,,,
53,,3969,,21.296167373657227,,0.799584150314331,,4.583906173706055,,,
53,,3979,,24.1490478515625,,0.7108490467071533,,4.8927154541015625,,,
53,,3989,,28.296253204345703,,0.7111345529556274,,5.220155239105225,,,
53,,3995,,,,,,,14.052852630615234,0.833409309387207,3.657078504562378
53,,3995,23.422332763671875,,0.7329826354980469,,4.757529258728027,,,,
,0.001,3996,,,,,,,,,
54,,3999,,29.601642608642578,,0.6686304211616516,,5.360298156738281,,,
54,,4009,,18.26419448852539,,0.7513635158538818,,4.227021217346191,,,
54,,4019,,23.322675704956055,,0.7402031421661377,,4.793642520904541,,,
54,,4029,,27.498374938964844,,0.7491028308868408,,5.201618671417236,,,
54,,4039,,19.779813766479492,,0.7995200753211975,,4.381987571716309,,,
54,,4049,,25.352121353149414,,0.7032095789909363,,4.9822587966918945,,,
54,,4059,,35.8565788269043,,0.6484825611114502,,5.945830821990967,,,
54,,4069,,43.122459411621094,,0.5457154512405396,,6.54131555557251,,,
54,,4069,,,,,,,16.297521591186523,0.8039594888687134,3.969756841659546
54,,4069,24.08420753479004,,0.7285951375961304,,4.820062160491943,,,,
,0.001,4070,,,,,,,,,
55,,4079,,17.30499839782715,,0.8610218167304993,,4.070712566375732,,,
55,,4089,,31.66204833984375,,0.6613528728485107,,5.580378532409668,,,
55,,4099,,17.872859954833984,,0.8205021619796753,,4.197404861450195,,,
55,,4109,,17.383079528808594,,0.7913379669189453,,4.122913360595703,,,
55,,4119,,21.847379684448242,,0.7369762659072876,,4.635784149169922,,,
55,,4129,,23.016761779785156,,0.777827262878418,,4.749994277954102,,,
55,,4139,,19.6270694732666,,0.7897324562072754,,4.411741733551025,,,
55,,4143,,,,,,,12.535676002502441,0.8501989841461182,3.467527151107788
55,,4143,22.69892120361328,,0.7414674162864685,,4.685205459594727,,,,
,0.001,4144,,,,,,,,,
56,,4149,,14.703437805175781,,0.8223189115524292,,3.801546335220337,,,
56,,4159,,17.054214477539062,,0.7978686094284058,,4.106107234954834,,,
56,,4169,,19.681564331054688,,0.7332589030265808,,4.415444374084473,,,
56,,4179,,15.279925346374512,,0.8156085014343262,,3.877128839492798,,,
56,,4189,,22.280498504638672,,0.7781541347503662,,4.709888458251953,,,
56,,4199,,13.548423767089844,,0.8359626531600952,,3.6721131801605225,,,
56,,4209,,30.591556549072266,,0.6953575611114502,,5.49613618850708,,,
56,,4217,,,,,,,12.899469375610352,0.8452938199043274,3.522848129272461
56,,4217,22.00033187866211,,0.7478441596031189,,4.600554466247559,,,,
,0.001,4218,,,,,,,,,
57,,4219,,17.601696014404297,,0.8062466382980347,,4.157951831817627,,,
57,,4229,,18.08612060546875,,0.8359569311141968,,4.218657493591309,,,
57,,4239,,28.704851150512695,,0.6073980927467346,,5.3344926834106445,,,
57,,4249,,19.608055114746094,,0.7467774748802185,,4.396717071533203,,,
57,,4259,,16.264846801757812,,0.8321498036384583,,4.006382465362549,,,
57,,4269,,23.97128677368164,,0.6931722164154053,,4.865551948547363,,,
57,,4279,,28.410757064819336,,0.7143416404724121,,5.279348373413086,,,
57,,4289,,15.534865379333496,,0.8392361402511597,,3.913991928100586,,,
57,,4291,,,,,,,12.920839309692383,0.8468018174171448,3.5173654556274414
57,,4291,22.417028427124023,,0.7456533908843994,,4.659778118133545,,,,
,0.001,4292,,,,,,,,,
58,,4299,,22.451709747314453,,0.7340806722640991,,4.704555034637451,,,
58,,4309,,19.817712783813477,,0.8016520738601685,,4.411107540130615,,,
58,,4319,,28.441911697387695,,0.6221957206726074,,5.270382404327393,,,
58,,4329,,26.34198760986328,,0.7521637082099915,,5.088625907897949,,,
58,,4339,,19.090944290161133,,0.7681130170822144,,4.349693775177002,,,
58,,4349,,21.64405059814453,,0.766648530960083,,4.628151893615723,,,
58,,4359,,15.584857940673828,,0.8479107618331909,,3.893458366394043,,,
58,,4365,,,,,,,12.435104370117188,0.8517134189605713,3.4586598873138428
58,,4365,21.2943115234375,,0.7560119032859802,,4.547684192657471,,,,
,0.001,4366,,,,,,,,,
59,,4369,,12.59981918334961,,0.8142232894897461,,3.5248539447784424,,,
59,,4379,,24.572538375854492,,0.7626492977142334,,4.94266414642334,,,
59,,4389,,19.783039093017578,,0.7864938378334045,,4.40071964263916,,,
59,,4399,,20.23590660095215,,0.7691874504089355,,4.484679222106934,,,
59,,4409,,16.962100982666016,,0.7977128624916077,,4.096065998077393,,,
59,,4419,,20.896900177001953,,0.7541892528533936,,4.515708923339844,,,
59,,4429,,22.10666275024414,,0.7758309245109558,,4.661811828613281,,,
59,,4439,,30.08411979675293,,0.5563969016075134,,5.430161476135254,,,
59,,4439,,,,,,,13.87218189239502,0.8347014784812927,3.5794153213500977
59,,4439,22.34406280517578,,0.7433569431304932,,4.650262832641602,,,,
,0.001,4440,,,,,,,,,
60,,4449,,14.225510597229004,,0.7871187925338745,,3.7618207931518555,,,
60,,4459,,25.810279846191406,,0.7588240504264832,,5.0515899658203125,,,
60,,4469,,16.333948135375977,,0.7676365971565247,,4.03347110748291,,,
60,,4479,,21.21730613708496,,0.768619179725647,,4.600588798522949,,,
60,,4489,,14.165221214294434,,0.8156611919403076,,3.7614216804504395,,,
60,,4499,,16.167346954345703,,0.8675477504730225,,3.9866089820861816,,,
60,,4509,,17.873193740844727,,0.794113278388977,,4.189299583435059,,,
60,,4513,,,,,,,15.244587898254395,0.8197718262672424,3.7308802604675293
60,,4513,21.84930419921875,,0.7503054738044739,,4.601398944854736,,,,
,0.001,4514,,,,,,,,,
61,,4519,,13.21894359588623,,0.8291676044464111,,3.6292548179626465,,,
61,,4529,,19.310476303100586,,0.7421098947525024,,4.38299560546875,,,
61,,4539,,22.388765335083008,,0.8143606185913086,,4.68927001953125,,,
61,,4549,,18.160118103027344,,0.8159427642822266,,4.235076427459717,,,
61,,4559,,29.317045211791992,,0.7516534328460693,,5.368033409118652,,,
61,,4569,,26.77994728088379,,0.7541842460632324,,5.136059761047363,,,
61,,4579,,19.635974884033203,,0.8205996751785278,,4.334994792938232,,,
61,,4587,,,,,,,18.546926498413086,0.7812702655792236,4.000197410583496
61,,4587,22.299863815307617,,0.7449284791946411,,4.648500919342041,,,,
,0.001,4588,,,,,,,,,
62,,4589,,22.111183166503906,,0.7522304058074951,,4.616908073425293,,,
62,,4599,,26.42137908935547,,0.688512921333313,,5.07432746887207,,,
62,,4609,,14.47336196899414,,0.7687090635299683,,3.8022592067718506,,,
62,,4619,,36.08128356933594,,0.6432849168777466,,5.82943868637085,,,
62,,4629,,18.258373260498047,,0.8010897636413574,,4.183320999145508,,,
62,,4639,,20.819337844848633,,0.7761197090148926,,4.5118279457092285,,,
62,,4649,,29.386497497558594,,0.7257245779037476,,5.38978385925293,,,
62,,4659,,15.51009750366211,,0.8227055072784424,,3.8861160278320312,,,
62,,4661,,,,,,,15.709807395935059,0.8124223351478577,3.7570736408233643
62,,4661,22.077762603759766,,0.747125506401062,,4.620086669921875,,,,
,0.001,4662,,,,,,,,,
63,,4669,,30.309772491455078,,0.7066720128059387,,5.460920810699463,,,
63,,4679,,22.01036262512207,,0.7845999002456665,,4.659656524658203,,,
63,,4689,,17.648677825927734,,0.8401762843132019,,4.165750503540039,,,
63,,4699,,28.49875259399414,,0.6884871125221252,,5.296308994293213,,,
63,,4709,,23.457843780517578,,0.643186092376709,,4.822878837585449,,,
63,,4719,,22.353944778442383,,0.7958735227584839,,4.659759998321533,,,
63,,4729,,9.967101097106934,,0.8400610089302063,,3.147000551223755,,,
63,,4735,,,,,,,19.19791030883789,0.7740811705589294,3.9722602367401123
63,,4735,21.058300018310547,,0.7571348547935486,,4.526350498199463,,,,
,0.001,4736,,,,,,,,,
64,,4739,,27.122013092041016,,0.7208583354949951,,5.191329002380371,,,
64,,4749,,34.87033462524414,,0.5778653621673584,,5.860345840454102,,,
64,,4759,,13.377459526062012,,0.8468420505523682,,3.586209774017334,,,
64,,4769,,14.831626892089844,,0.8253624439239502,,3.8391005992889404,,,
64,,4779,,18.100582122802734,,0.7750153541564941,,4.223615646362305,,,
64,,4789,,24.46230125427246,,0.758704662322998,,4.886467933654785,,,
64,,4799,,17.001087188720703,,0.8038650751113892,,4.094466209411621,,,
64,,4809,,25.16792106628418,,0.6399915218353271,,4.9756035804748535,,,
64,,4809,,,,,,,17.002134323120117,0.7996761798858643,3.80838680267334
64,,4809,20.135881423950195,,0.7697779536247253,,4.420897006988525,,,,
,0.001,4810,,,,,,,,,
65,,4819,,20.454038619995117,,0.8182611465454102,,4.467291355133057,,,
65,,4829,,18.848203659057617,,0.7894879579544067,,4.300573348999023,,,
65,,4839,,19.026573181152344,,0.8001911044120789,,4.282872676849365,,,
65,,4849,,17.44662094116211,,0.8232806921005249,,4.140848159790039,,,
65,,4859,,20.384708404541016,,0.7748290300369263,,4.4923810958862305,,,
65,,4869,,16.33832359313965,,0.7819387912750244,,4.030025005340576,,,
65,,4879,,25.347097396850586,,0.7046202421188354,,5.005342960357666,,,
65,,4883,,,,,,,18.75057029724121,0.7793638706207275,3.9541056156158447
65,,4883,20.284259796142578,,0.7663705945014954,,4.444227695465088,,,,
,0.001,4884,,,,,,,,,
66,,4889,,22.415790557861328,,0.7893351316452026,,4.68394136428833,,,
66,,4899,,21.197349548339844,,0.7746893763542175,,4.561709403991699,,,
66,,4909,,31.744770050048828,,0.6408427357673645,,5.5662384033203125,,,
66,,4919,,20.123188018798828,,0.7539265751838684,,4.453341484069824,,,
66,,4929,,15.097770690917969,,0.8253729939460754,,3.7878475189208984,,,
66,,4939,,22.689006805419922,,0.752342700958252,,4.6949615478515625,,,
66,,4949,,14.064546585083008,,0.826640248298645,,3.7369112968444824,,,
66,,4957,,,,,,,11.883748054504395,0.8588945269584656,3.363994598388672
66,,4957,21.37168312072754,,0.7572418451309204,,4.559658527374268,,,,
,0.001,4958,,,,,,,,,
67,,4959,,19.733327865600586,,0.7398709058761597,,4.427533149719238,,,
67,,4969,,21.211273193359375,,0.8062735795974731,,4.58759880065918,,,
67,,4979,,20.95200538635254,,0.7734574675559998,,4.534458637237549,,,
67,,4989,,32.484771728515625,,0.575279951095581,,5.660159111022949,,,
67,,4999,,19.738929748535156,,0.769626259803772,,4.378596305847168,,,
67,,5009,,17.87708282470703,,0.8034067153930664,,4.220108985900879,,,
67,,5019,,18.17136001586914,,0.6853055357933044,,4.208026885986328,,,
67,,5029,,24.37255859375,,0.7466811537742615,,4.87686824798584,,,
67,,5031,,,,,,,11.924457550048828,0.8589767217636108,3.364924192428589
67,,5031,21.71579360961914,,0.7522286772727966,,4.588118076324463,,,,
,0.001,5032,,,,,,,,,
68,,5039,,31.02522087097168,,0.5648641586303711,,5.517571449279785,,,
68,,5049,,17.56199836730957,,0.7927558422088623,,4.148921966552734,,,
68,,5059,,16.181201934814453,,0.806353747844696,,3.987790107727051,,,
68,,5069,,15.991976737976074,,0.817187488079071,,3.9561996459960938,,,
68,,5079,,19.797191619873047,,0.7502254247665405,,4.410518646240234,,,
68,,5089,,27.51526641845703,,0.6674957275390625,,5.221440315246582,,,
68,,5099,,20.116880416870117,,0.7780053615570068,,4.4392290115356445,,,
68,,5105,,,,,,,13.401493072509766,0.8427021503448486,3.527125120162964
68,,5105,20.822790145874023,,0.7649206519126892,,4.481460094451904,,,,
,0.001,5106,,,,,,,,,
69,,5109,,13.41427993774414,,0.8557809591293335,,3.6449666023254395,,,
69,,5119,,26.0365047454834,,0.7364904880523682,,5.065038681030273,,,
69,,5129,,15.406744956970215,,0.8067201375961304,,3.9175078868865967,,,
69,,5139,,25.564720153808594,,0.7967495918273926,,4.947236061096191,,,
69,,5149,,17.98737144470215,,0.7607095241546631,,4.226078033447266,,,
69,,5159,,16.3482666015625,,0.8093748092651367,,4.032138824462891,,,
69,,5169,,15.602461814880371,,0.8348982930183411,,3.9151344299316406,,,
69,,5179,,43.655269622802734,,0.5802072882652283,,6.557251930236816,,,
69,,5179,,,,,,,12.083624839782715,0.8559666872024536,3.369283437728882
69,,5179,21.243587493896484,,0.7567505836486816,,4.529225826263428,,,,
,0.001,5180,,,,,,,,,
70,,5189,,18.09408187866211,,0.7820100784301758,,4.21708869934082,,,
70,,5199,,15.151908874511719,,0.8461661338806152,,3.8694229125976562,,,
70,,5209,,20.080936431884766,,0.7544703483581543,,4.463742733001709,,,
70,,5219,,25.19931983947754,,0.7464202642440796,,5.008132457733154,,,
70,,5229,,28.92475128173828,,0.6939197778701782,,5.343266010284424,,,
70,,5239,,27.859455108642578,,0.6114782094955444,,5.233499526977539,,,
70,,5249,,18.39202117919922,,0.7731488943099976,,4.26628303527832,,,
70,,5253,,,,,,,11.39195728302002,0.863629937171936,3.2962121963500977
70,,5253,20.494062423706055,,0.7643187046051025,,4.462378025054932,,,,
,0.001,5254,,,,,,,,,
71,,5259,,17.865829467773438,,0.819849967956543,,4.185375690460205,,,
71,,5269,,16.82744789123535,,0.8206785917282104,,4.0138702392578125,,,
71,,5279,,15.143754005432129,,0.8370400667190552,,3.866220474243164,,,
71,,5289,,27.99610710144043,,0.6240887641906738,,5.221395492553711,,,
71,,5299,,15.293720245361328,,0.8370723724365234,,3.89768123626709,,,
71,,5309,,20.693790435791016,,0.76832115650177,,4.46962308883667,,,
71,,5319,,25.260238647460938,,0.7839916944503784,,4.950023651123047,,,
71,,5327,,,,,,,15.218403816223145,0.821331262588501,3.638068914413452
71,,5327,19.75469207763672,,0.7737118005752563,,4.366672039031982,,,,
,0.001,5328,,,,,,,,,
72,,5329,,20.622343063354492,,0.6617308259010315,,4.52526330947876,,,
72,,5339,,21.33346176147461,,0.7240921854972839,,4.585760116577148,,,
72,,5349,,19.373394012451172,,0.8043052554130554,,4.3719964027404785,,,
72,,5359,,15.049040794372559,,0.8241398334503174,,3.8354721069335938,,,
72,,5369,,17.73535919189453,,0.7836600542068481,,4.179043769836426,,,
72,,5379,,21.447067260742188,,0.763567328453064,,4.580815315246582,,,
72,,5389,,18.557214736938477,,0.7330995798110962,,4.270909309387207,,,
72,,5399,,18.87794303894043,,0.8121116161346436,,4.28185510635376,,,
72,,5401,,,,,,,13.904494285583496,0.8362335562705994,3.52417254447937
72,,5401,19.888643264770508,,0.7729946970939636,,4.3921918869018555,,,,
,0.001,5402,,,,,,,,,
73,,5409,,12.542057037353516,,0.8564074039459229,,3.524080753326416,,,
73,,5419,,22.172100067138672,,0.7811136245727539,,4.652857303619385,,,
73,,5429,,18.485490798950195,,0.7980594635009766,,4.255268096923828,,,
73,,5439,,19.140291213989258,,0.784864068031311,,4.328538417816162,,,
73,,5449,,21.949769973754883,,0.7475740313529968,,4.655584812164307,,,
73,,5459,,22.179012298583984,,0.7339311242103577,,4.663037300109863,,,
73,,5469,,25.84128761291504,,0.6816732883453369,,5.037371635437012,,,
73,,5475,,,,,,,12.015345573425293,0.8571670055389404,3.3452489376068115
73,,5475,20.540241241455078,,0.767207682132721,,4.459253787994385,,,,
,0.001,5476,,,,,,,,,
74,,5479,,18.028030395507812,,0.7835134267807007,,4.206850051879883,,,
74,,5489,,30.08377456665039,,0.6278066039085388,,5.422637462615967,,,
74,,5499,,25.943592071533203,,0.7550353407859802,,5.043893814086914,,,
74,,5509,,17.73651695251465,,0.7956080436706543,,4.204490661621094,,,
74,,5519,,17.231746673583984,,0.7717568874359131,,4.130436897277832,,,
74,,5529,,22.217586517333984,,0.7214739322662354,,4.664941310882568,,,
74,,5539,,34.73439025878906,,0.5928598046302795,,5.819560527801514,,,
74,,5549,,18.973766326904297,,0.6929659843444824,,4.338382720947266,,,
74,,5549,,,,,,,10.794544219970703,0.8704166412353516,3.216658115386963
74,,5549,21.216197967529297,,0.7573425769805908,,4.526078701019287,,,,
,0.001,5550,,,,,,,,,
75,,5559,,25.43035316467285,,0.6544374227523804,,5.011595726013184,,,
75,,5569,,15.145744323730469,,0.7611961960792542,,3.870889186859131,,,
75,,5579,,21.70203399658203,,0.7289687991142273,,4.644791603088379,,,
75,,5589,,13.604021072387695,,0.8565974235534668,,3.676943302154541,,,
75,,5599,,18.735801696777344,,0.7806177139282227,,4.314777374267578,,,
75,,5609,,27.70951271057129,,0.7272502183914185,,5.158766746520996,,,
75,,5619,,22.912019729614258,,0.6946989893913269,,4.753868103027344,,,
75,,5623,,,,,,,10.9137544631958,0.8701489567756653,3.2288594245910645
75,,5623,19.435087203979492,,0.7782530784606934,,4.342428207397461,,,,
,0.001,5624,,,,,,,,,
76,,5629,,20.175491333007812,,0.7774245738983154,,4.4560770988464355,,,
76,,5639,,14.695304870605469,,0.841301679611206,,3.80885910987854,,,
76,,5649,,18.123493194580078,,0.7918724417686462,,4.238010406494141,,,
76,,5659,,21.765775680541992,,0.80965256690979,,4.5943193435668945,,,
76,,5669,,21.567174911499023,,0.752027153968811,,4.5931291580200195,,,
76,,5679,,17.072742462158203,,0.8151734471321106,,4.113799571990967,,,
76,,5689,,28.47943878173828,,0.6203683018684387,,5.311281204223633,,,
76,,5697,,,,,,,13.565543174743652,0.8401719331741333,3.591176748275757
76,,5697,18.958351135253906,,0.783015251159668,,4.2896647453308105,,,,
,0.001,5698,,,,,,,,,
77,,5699,,22.613906860351562,,0.6936084032058716,,4.735159873962402,,,
77,,5709,,16.65200424194336,,0.8130694627761841,,4.056892395019531,,,
77,,5719,,20.28017234802246,,0.7654266953468323,,4.473062992095947,,,
77,,5729,,29.929271697998047,,0.6147987246513367,,5.41032075881958,,,
77,,5739,,14.542572975158691,,0.8251304030418396,,3.7817869186401367,,,
77,,5749,,12.158768653869629,,0.8563399314880371,,3.4699788093566895,,,
77,,5759,,10.395576477050781,,0.87354576587677,,3.219221353530884,,,
77,,5769,,20.54373550415039,,0.716971218585968,,4.508427143096924,,,
77,,5771,,,,,,,16.17740821838379,0.8109058141708374,3.6665596961975098
77,,5771,19.712303161621094,,0.773563027381897,,4.359274387359619,,,,
,0.001,5772,,,,,,,,,
78,,5779,,21.933813095092773,,0.7600206732749939,,4.651754379272461,,,
78,,5789,,15.01301383972168,,0.7941856384277344,,3.8491530418395996,,,
78,,5799,,21.63627815246582,,0.7467908263206482,,4.620532035827637,,,
78,,5809,,25.697484970092773,,0.6360318064689636,,5.016029357910156,,,
78,,5819,,15.010416984558105,,0.7891449928283691,,3.8617215156555176,,,
78,,5829,,19.678403854370117,,0.8385253548622131,,4.345932960510254,,,
78,,5839,,13.131458282470703,,0.8794156312942505,,3.5902926921844482,,,
78,,5845,,,,,,,14.520166397094727,0.8289369940757751,3.5745811462402344
78,,5845,19.79096221923828,,0.7751556038856506,,4.370328426361084,,,,
,0.001,5846,,,,,,,,,
79,,5849,,11.929159164428711,,0.8543237447738647,,3.4353857040405273,,,
79,,5859,,13.11931037902832,,0.8102067708969116,,3.5676345825195312,,,
79,,5869,,25.898395538330078,,0.6567640900611877,,5.032639503479004,,,
79,,5879,,21.03124237060547,,0.7065310478210449,,4.5713653564453125,,,
79,,5889,,27.64620590209961,,0.6582038402557373,,5.219712257385254,,,
79,,5899,,14.816451072692871,,0.805831789970398,,3.8105361461639404,,,
79,,5909,,25.035541534423828,,0.7511714696884155,,4.95587158203125,,,
79,,5919,,11.220198631286621,,0.8210015892982483,,3.342235803604126,,,
79,,5919,,,,,,,18.016555786132812,0.7899748086929321,3.752793312072754
79,,5919,19.687820434570312,,0.7750467658042908,,4.363110065460205,,,,
,0.001,5920,,,,,,,,,
80,,5929,,16.89678955078125,,0.8215311169624329,,4.090326309204102,,,
80,,5939,,17.45195960998535,,0.7957397699356079,,4.159085273742676,,,
80,,5949,,15.978797912597656,,0.8137469291687012,,3.990372657775879,,,
80,,5959,,17.35008430480957,,0.8260020017623901,,4.155818939208984,,,
80,,5969,,17.723060607910156,,0.7347335815429688,,4.191494941711426,,,
80,,5979,,26.39242935180664,,0.7217351794242859,,5.073670387268066,,,
80,,5989,,17.308162689208984,,0.7737071514129639,,4.127374172210693,,,
80,,5993,,,,,,,11.200139045715332,0.8664751052856445,3.2667977809906006
80,,5993,19.489049911499023,,0.7763108015060425,,4.326979637145996,,,,
,0.001,5994,,,,,,,,,
81,,5999,,18.419025421142578,,0.8055517077445984,,4.262615203857422,,,
81,,6009,,25.841360092163086,,0.6713745594024658,,5.034237861633301,,,
81,,6019,,12.694912910461426,,0.8671022653579712,,3.541376829147339,,,
81,,6029,,20.56173324584961,,0.7850141525268555,,4.457376480102539,,,
81,,6039,,16.276931762695312,,0.8351801633834839,,3.9742558002471924,,,
81,,6049,,13.910689353942871,,0.8143203258514404,,3.6848793029785156,,,
81,,6059,,22.436824798583984,,0.7125693559646606,,4.695911407470703,,,
81,,6067,,,,,,,11.660829544067383,0.8617531061172485,3.315028190612793
81,,6067,18.87577247619629,,0.7829281091690063,,4.279185771942139,,,,
,0.001,6068,,,,,,,,,
82,,6069,,12.128774642944336,,0.8430825471878052,,3.4701972007751465,,,
82,,6079,,19.365856170654297,,0.8273397088050842,,4.359096050262451,,,
82,,6089,,13.918745994567871,,0.8653231263160706,,3.68428897857666,,,
82,,6099,,18.45625114440918,,0.8430169224739075,,4.246863842010498,,,
82,,6109,,20.892433166503906,,0.7442795634269714,,4.549691200256348,,,
82,,6119,,17.185930252075195,,0.6835598945617676,,4.138559818267822,,,
82,,6129,,21.39790916442871,,0.779632568359375,,4.607342720031738,,,
82,,6139,,20.847858428955078,,0.7468003034591675,,4.535063743591309,,,
82,,6141,,,,,,,10.645733833312988,0.8736966848373413,3.17659854888916
82,,6141,19.57059097290039,,0.7754883170127869,,4.350869178771973,,,,
,0.001,6142,,,,,,,,,
83,,6149,,23.939008712768555,,0.7185330390930176,,4.856106758117676,,,
83,,6159,,34.402427673339844,,0.6270568370819092,,5.786713600158691,,,
83,,6169,,21.996540069580078,,0.7498840093612671,,4.650730609893799,,,
83,,6179,,12.620562553405762,,0.8603119850158691,,3.5157899856567383,,,
83,,6189,,12.046842575073242,,0.8853665590286255,,3.4266629219055176,,,
83,,6199,,23.411409378051758,,0.6585054397583008,,4.80224609375,,,
83,,6209,,14.019387245178223,,0.8535892963409424,,3.696923017501831,,,
83,,6215,,,,,,,11.134528160095215,0.8692910671234131,3.2563371658325195
83,,6215,19.666738510131836,,0.7774527072906494,,4.3551530838012695,,,,
,0.001,6216,,,,,,,,,
84,,6219,,24.795799255371094,,0.7304041385650635,,4.928732872009277,,,
84,,6229,,16.102327346801758,,0.8400113582611084,,3.979444742202759,,,
84,,6239,,17.631547927856445,,0.8536192178726196,,4.130865097045898,,,
84,,6249,,16.031219482421875,,0.8376187682151794,,3.946256160736084,,,
84,,6259,,18.834863662719727,,0.7483413219451904,,4.320568084716797,,,
84,,6269,,21.593137741088867,,0.7274264693260193,,4.633829116821289,,,
84,,6279,,16.219955444335938,,0.8280729055404663,,3.9699113368988037,,,
84,,6289,,19.870723724365234,,0.7808948755264282,,4.4219770431518555,,,
84,,6289,,,,,,,10.938915252685547,0.8708246350288391,3.2256364822387695
84,,6289,18.976091384887695,,0.7826095223426819,,4.286027431488037,,,,
,0.001,6290,,,,,,,,,
85,,6299,,18.414472579956055,,0.7991518974304199,,4.277780532836914,,,
85,,6309,,16.708587646484375,,0.7799339294433594,,4.046026706695557,,,
85,,6319,,15.59019660949707,,0.8126357197761536,,3.925210475921631,,,
85,,6329,,13.839699745178223,,0.8095365762710571,,3.7139604091644287,,,
85,,6339,,15.417176246643066,,0.8116153478622437,,3.852057456970215,,,
85,,6349,,27.122722625732422,,0.6979923248291016,,5.164952278137207,,,
85,,6359,,12.430213928222656,,0.8418655395507812,,3.514652729034424,,,
85,,6363,,,,,,,10.99929428100586,0.870561957359314,3.224426746368408
85,,6363,19.226980209350586,,0.7797136902809143,,4.311920166015625,,,,
,0.001,6364,,,,,,,,,
86,,6369,,18.55267333984375,,0.7730956077575684,,4.29243278503418,,,
86,,6379,,12.755943298339844,,0.868689775466919,,3.5170769691467285,,,
86,,6389,,31.131948471069336,,0.6118670701980591,,5.535452842712402,,,
86,,6399,,28.05512237548828,,0.6853172779083252,,5.283457279205322,,,
86,,6409,,17.862224578857422,,0.8102894425392151,,4.173744201660156,,,
86,,6419,,27.526775360107422,,0.7592630386352539,,5.19340705871582,,,
86,,6429,,30.07332992553711,,0.7224471569061279,,5.422269821166992,,,
86,,6437,,,,,,,10.353605270385742,0.8771376609802246,3.1430399417877197
86,,6437,20.06391143798828,,0.7709174156188965,,4.3993330001831055,,,,
,0.001,6438,,,,,,,,,
87,,6439,,13.862346649169922,,0.8485395908355713,,3.678262233734131,,,
87,,6449,,16.98125457763672,,0.8128981590270996,,4.082206726074219,,,
87,,6459,,23.611665725708008,,0.7466503381729126,,4.815245628356934,,,
87,,6469,,14.226913452148438,,0.8287538290023804,,3.7619876861572266,,,
87,,6479,,19.968387603759766,,0.8180582523345947,,4.365757942199707,,,
87,,6489,,19.408180236816406,,0.7794173359870911,,4.392165184020996,,,
87,,6499,,21.89285659790039,,0.7722431421279907,,4.646156311035156,,,
87,,6509,,26.464588165283203,,0.7341790795326233,,5.101460933685303,,,
87,,6511,,,,,,,11.725615501403809,0.8614309430122375,3.324190378189087
87,,6511,18.32758140563965,,0.7891204953193665,,4.221365451812744,,,,
,0.001,6512,,,,,,,,,
88,,6519,,16.954265594482422,,0.7799978256225586,,4.083199977874756,,,
88,,6529,,8.530464172363281,,0.8957217931747437,,2.920384645462036,,,
88,,6539,,11.986064910888672,,0.8728224635124207,,3.4556264877319336,,,
88,,6549,,26.653392791748047,,0.5935688614845276,,5.066948890686035,,,
88,,6559,,19.808013916015625,,0.8091977834701538,,4.422820091247559,,,
88,,6569,,14.012191772460938,,0.8743067383766174,,3.655416488647461,,,
88,,6579,,13.23246955871582,,0.8428268432617188,,3.605943202972412,,,
88,,6585,,,,,,,10.426650047302246,0.8777793645858765,3.127185106277466
88,,6585,19.301624298095703,,0.7765076756477356,,4.311200141906738,,,,
,0.001,6586,,,,,,,,,
89,,6589,,15.401391983032227,,0.8057399988174438,,3.8890295028686523,,,
89,,6599,,16.576210021972656,,0.8367005586624146,,4.053386211395264,,,
89,,6609,,17.67608642578125,,0.8257466554641724,,4.161594867706299,,,
89,,6619,,29.415449142456055,,0.7409036159515381,,5.350189208984375,,,
89,,6629,,15.061402320861816,,0.7996176481246948,,3.878549337387085,,,
89,,6639,,15.511249542236328,,0.806673526763916,,3.8840951919555664,,,
89,,6649,,14.834379196166992,,0.8359284400939941,,3.8188328742980957,,,
89,,6659,,22.77863121032715,,0.7694177627563477,,4.701599597930908,,,
89,,6659,,,,,,,9.907230377197266,0.8830741047859192,3.0618457794189453
89,,6659,18.481502532958984,,0.7896426916122437,,4.22938871383667,,,,
,0.001,6660,,,,,,,,,
90,,6669,,21.61243438720703,,0.709355354309082,,4.597517013549805,,,
90,,6679,,22.825605392456055,,0.7751579284667969,,4.662362575531006,,,
90,,6689,,17.129779815673828,,0.794440746307373,,4.111238479614258,,,
90,,6699,,16.799327850341797,,0.8325388431549072,,4.049605846405029,,,
90,,6709,,13.390535354614258,,0.8370860815048218,,3.6005945205688477,,,
90,,6719,,10.589404106140137,,0.8747674822807312,,3.2197446823120117,,,
90,,6729,,17.5667781829834,,0.7551451325416565,,4.176836013793945,,,
90,,6733,,,,,,,10.553940773010254,0.8761120438575745,3.1742165088653564
90,,6733,18.73175048828125,,0.7869634628295898,,4.258572101593018,,,,
,0.001,6734,,,,,,,,,
91,,6739,,14.767833709716797,,0.8376244306564331,,3.827075481414795,,,
91,,6749,,18.763948440551758,,0.8171776533126831,,4.250430107116699,,,
91,,6759,,19.898710250854492,,0.8007344603538513,,4.4141693115234375,,,
91,,6769,,12.476137161254883,,0.8509345650672913,,3.526035785675049,,,
91,,6779,,23.824710845947266,,0.7248317003250122,,4.862194061279297,,,
91,,6789,,21.431806564331055,,0.6927163600921631,,4.591997146606445,,,
91,,6799,,31.514726638793945,,0.6878697872161865,,5.513388633728027,,,
91,,6807,,,,,,,11.387819290161133,0.866357684135437,3.272179126739502
91,,6807,18.644357681274414,,0.7884207367897034,,4.241351127624512,,,,
,0.001,6808,,,,,,,,,
92,,6809,,19.125288009643555,,0.8135940432548523,,4.349304676055908,,,
92,,6819,,25.86073875427246,,0.6953422427177429,,5.051602363586426,,,
92,,6829,,15.713228225708008,,0.8163372278213501,,3.93647837638855,,,
92,,6839,,15.926558494567871,,0.8422347903251648,,3.963979959487915,,,
92,,6849,,14.75533390045166,,0.8408831357955933,,3.8257012367248535,,,
92,,6859,,13.557125091552734,,0.8540456295013428,,3.6365182399749756,,,
92,,6869,,24.58037567138672,,0.7499834299087524,,4.92933464050293,,,
92,,6879,,21.64719009399414,,0.7723901271820068,,4.604498386383057,,,
92,,6881,,,,,,,10.777249336242676,0.8733301758766174,3.192063570022583
92,,6881,18.860576629638672,,0.7810623049736023,,4.273574352264404,,,,
,0.001,6882,,,,,,,,,
93,,6889,,27.752601623535156,,0.6650577783584595,,5.261325836181641,,,
93,,6899,,18.1807804107666,,0.7916302680969238,,4.236627578735352,,,
93,,6909,,12.69639778137207,,0.8689160346984863,,3.503028392791748,,,
93,,6919,,20.418935775756836,,0.736152172088623,,4.490145683288574,,,
93,,6929,,15.535684585571289,,0.7749192118644714,,3.921630382537842,,,
93,,6939,,21.056819915771484,,0.7513303160667419,,4.575814247131348,,,
93,,6949,,19.26083755493164,,0.8120098114013672,,4.333458423614502,,,
93,,6955,,,,,,,10.465965270996094,0.8764005303382874,3.152146100997925
93,,6955,19.52120018005371,,0.7759466171264648,,4.346782207489014,,,,
,0.001,6956,,,,,,,,,
94,,6959,,10.729520797729492,,0.8599690198898315,,3.255171775817871,,,
94,,6969,,16.417278289794922,,0.85183185338974,,4.014360427856445,,,
94,,6979,,12.726409912109375,,0.8495014905929565,,3.5360159873962402,,,
94,,6989,,18.60586166381836,,0.8282744884490967,,4.286255836486816,,,
94,,6999,,22.81570816040039,,0.7645597457885742,,4.712050437927246,,,
94,,7009,,22.263845443725586,,0.7580961585044861,,4.679067611694336,,,
94,,7019,,21.172698974609375,,0.8184390664100647,,4.5498881340026855,,,
94,,7029,,21.530744552612305,,0.7125401496887207,,4.614855766296387,,,
94,,7029,,,,,,,9.949687957763672,0.8828032612800598,3.059051275253296
94,,7029,18.063695907592773,,0.7937988042831421,,4.169898509979248,,,,
,0.001,7030,,,,,,,,,
95,,7039,,16.719881057739258,,0.8315314054489136,,4.065284252166748,,,
95,,7049,,11.832279205322266,,0.8257371187210083,,3.4007954597473145,,,
95,,7059,,23.66715431213379,,0.680772066116333,,4.754785537719727,,,
95,,7069,,19.627338409423828,,0.8055602312088013,,4.37702751159668,,,
95,,7079,,18.162273406982422,,0.769541323184967,,4.2335710525512695,,,
95,,7089,,18.956823348999023,,0.8325521945953369,,4.241825103759766,,,
95,,7099,,20.698118209838867,,0.8222684860229492,,4.488463401794434,,,
95,,7103,,,,,,,10.060893058776855,0.8815280199050903,3.0891966819763184
95,,7103,17.79352378845215,,0.7978771924972534,,4.152061462402344,,,,
,0.001,7104,,,,,,,,,
96,,7109,,21.45050048828125,,0.7713611721992493,,4.596160888671875,,,
96,,7119,,15.780414581298828,,0.8291065692901611,,3.964776039123535,,,
96,,7129,,27.157346725463867,,0.627885639667511,,5.1697282791137695,,,
96,,7139,,18.21595573425293,,0.761590838432312,,4.243154048919678,,,
96,,7149,,12.812972068786621,,0.8832132816314697,,3.4968764781951904,,,
96,,7159,,19.696266174316406,,0.8182622194290161,,4.355284690856934,,,
96,,7169,,15.838353157043457,,0.8411264419555664,,3.9284565448760986,,,
96,,7177,,,,,,,10.00100040435791,0.8827815651893616,3.056612253189087
96,,7177,18.857830047607422,,0.7833721041679382,,4.266358852386475,,,,
,0.001,7178,,,,,,,,,
97,,7179,,16.047555923461914,,0.8221083879470825,,3.991231918334961,,,
97,,7189,,11.623496055603027,,0.8868111371994019,,3.3630480766296387,,,
97,,7199,,27.32838249206543,,0.6363778114318848,,5.207967758178711,,,
97,,7209,,10.87166690826416,,0.889236569404602,,3.27726411819458,,,
97,,7219,,15.608413696289062,,0.8457412719726562,,3.913783073425293,,,
97,,7229,,14.108393669128418,,0.8573542833328247,,3.7341599464416504,,,
97,,7239,,11.923121452331543,,0.8448091745376587,,3.4412269592285156,,,
97,,7249,,17.13404083251953,,0.7940248250961304,,4.093183994293213,,,
97,,7251,,,,,,,10.116209030151367,0.8811292052268982,3.0905263423919678
97,,7251,17.14552879333496,,0.8034842610359192,,4.072605133056641,,,,
,0.001,7252,,,,,,,,,
98,,7259,,16.149362564086914,,0.845518171787262,,3.9545021057128906,,,
98,,7269,,12.859650611877441,,0.8564387559890747,,3.560445785522461,,,
98,,7279,,20.307966232299805,,0.6971927285194397,,4.477136611938477,,,
98,,7289,,22.222469329833984,,0.7094189524650574,,4.643165588378906,,,
98,,7299,,20.45051383972168,,0.795617938041687,,4.486021041870117,,,
98,,7309,,16.386287689208984,,0.7961664199829102,,3.998568534851074,,,
98,,7319,,21.513988494873047,,0.7342165112495422,,4.59279727935791,,,
98,,7325,,,,,,,10.603410720825195,0.8755303621292114,3.1540944576263428
98,,7325,18.06533432006836,,0.7900258898735046,,4.175396919250488,,,,
,0.001,7326,,,,,,,,,
99,,7329,,16.609655380249023,,0.825105607509613,,4.033175468444824,,,
99,,7339,,14.051125526428223,,0.8136619329452515,,3.7240042686462402,,,
99,,7349,,16.323925018310547,,0.8476204872131348,,3.9928841590881348,,,
99,,7359,,14.20663833618164,,0.8338696956634521,,3.7648582458496094,,,
99,,7369,,13.076563835144043,,0.8347817659378052,,3.6040797233581543,,,
99,,7379,,21.927305221557617,,0.7149530649185181,,4.630163669586182,,,
99,,7389,,12.683492660522461,,0.8640655279159546,,3.5309431552886963,,,
99,,7399,,32.23601150512695,,0.2904067039489746,,5.593512535095215,,,
99,,7399,,,,,,,9.58070182800293,0.887444019317627,3.014185905456543
99,,7399,18.32657241821289,,0.7883163094520569,,4.216580867767334,,,,
,0.001,7400,,,,,,,,,
100,,7409,,19.324970245361328,,0.779376745223999,,4.363685607910156,,,
100,,7419,,19.109600067138672,,0.8082315921783447,,4.31125020980835,,,
100,,7429,,19.698951721191406,,0.7503925561904907,,4.403195381164551,,,
100,,7439,,30.152265548706055,,0.7226566076278687,,5.456182479858398,,,
100,,7449,,18.834543228149414,,0.7429692149162292,,4.282599449157715,,,
100,,7459,,18.61298179626465,,0.7037925124168396,,4.295905113220215,,,
100,,7469,,19.457874298095703,,0.7616867423057556,,4.3564581871032715,,,
100,,7473,,,,,,,9.71803092956543,0.8848944306373596,3.029911518096924
100,,7473,18.45977783203125,,0.7891267538070679,,4.226189136505127,,,,
,0.001,7474,,,,,,,,,
101,,7479,,16.59250831604004,,0.762060284614563,,4.0484161376953125,,,
101,,7489,,23.09190559387207,,0.7352107763290405,,4.745896816253662,,,
101,,7499,,18.183332443237305,,0.7486498355865479,,4.25706148147583,,,
101,,7509,,29.65007781982422,,0.5879214406013489,,5.432061195373535,,,
101,,7519,,13.99809741973877,,0.8285948038101196,,3.7099361419677734,,,
101,,7529,,10.304193496704102,,0.8496000170707703,,3.1918439865112305,,,
101,,7539,,18.432804107666016,,0.7463183403015137,,4.259193420410156,,,
101,,7547,,,,,,,9.472566604614258,0.8877691626548767,3.002683639526367
101,,7547,18.561952590942383,,0.7852301597595215,,4.23729133605957,,,,
,0.001,7548,,,,,,,,,
102,,7549,,14.992842674255371,,0.8562148213386536,,3.8509490489959717,,,
102,,7559,,27.93740463256836,,0.677594006061554,,5.226786136627197,,,
102,,7569,,26.362686157226562,,0.658877968788147,,5.121837615966797,,,
102,,7579,,15.094206809997559,,0.822830855846405,,3.7824416160583496,,,
102,,7589,,17.727293014526367,,0.7704527378082275,,4.188633918762207,,,
102,,7599,,22.885028839111328,,0.7493987679481506,,4.767633438110352,,,
102,,7609,,14.508374214172363,,0.8398046493530273,,3.7703869342803955,,,
102,,7619,,16.885276794433594,,0.816788911819458,,4.066168308258057,,,
102,,7621,,,,,,,9.280516624450684,0.8915031552314758,2.9559996128082275
102,,7621,18.124982833862305,,0.7907649874687195,,4.176762580871582,,,,
,0.001,7622,,,,,,,,,
103,,7629,,16.971649169921875,,0.8077434301376343,,4.072291851043701,,,
103,,7639,,23.989524841308594,,0.714602530002594,,4.848533630371094,,,
103,,7649,,22.755571365356445,,0.7412776350975037,,4.712831497192383,,,
103,,7659,,34.72198486328125,,0.6660029888153076,,5.869324684143066,,,
103,,7669,,14.92678451538086,,0.8469175100326538,,3.813230514526367,,,
103,,7679,,19.175397872924805,,0.8366769552230835,,4.296479225158691,,,
103,,7689,,14.921948432922363,,0.8409470319747925,,3.838495969772339,,,
103,,7695,,,,,,,9.18850040435791,0.8912585973739624,2.9461941719055176
103,,7695,18.683515548706055,,0.7878498435020447,,4.24601411819458,,,,
,0.001,7696,,,,,,,,,
104,,7699,,16.350872039794922,,0.8013368248939514,,3.974736213684082,,,
104,,7709,,19.031400680541992,,0.7486022710800171,,4.336686611175537,,,
104,,7719,,16.409133911132812,,0.7913427352905273,,4.039717197418213,,,
104,,7729,,18.434932708740234,,0.7749955654144287,,4.264551162719727,,,
104,,7739,,12.138025283813477,,0.8553228378295898,,3.456979990005493,,,
104,,7749,,17.14167022705078,,0.8406464457511902,,4.119440078735352,,,
104,,7759,,17.831071853637695,,0.8378208875656128,,4.196414947509766,,,
104,,7769,,18.09221076965332,,0.8649625778198242,,4.159788608551025,,,
104,,7769,,,,,,,9.023703575134277,0.8943880796432495,2.9179909229278564
104,,7769,17.81615447998047,,0.7957963347434998,,4.143294334411621,,,,
,0.001,7770,,,,,,,,,
105,,7779,,13.738212585449219,,0.8376769423484802,,3.679079532623291,,,
105,,7789,,15.245006561279297,,0.8550928831100464,,3.8441781997680664,,,
105,,7799,,11.26765251159668,,0.8918747305870056,,3.335282802581787,,,
105,,7809,,14.272730827331543,,0.8488093018531799,,3.773303270339966,,,
105,,7819,,23.58267593383789,,0.6961742639541626,,4.797059059143066,,,
105,,7829,,14.154781341552734,,0.8652166128158569,,3.723808765411377,,,
105,,7839,,13.753632545471191,,0.8200721740722656,,3.671515703201294,,,
105,,7843,,,,,,,9.439520835876465,0.8894582986831665,2.9776906967163086
105,,7843,17.649436950683594,,0.7968475818634033,,4.116635322570801,,,,
,0.001,7844,,,,,,,,,
106,,7849,,11.942888259887695,,0.8695054054260254,,3.4237170219421387,,,
106,,7859,,20.3669376373291,,0.7683548927307129,,4.445042133331299,,,
106,,7869,,20.99662971496582,,0.7755939960479736,,4.53066349029541,,,
106,,7879,,16.520244598388672,,0.8326340913772583,,4.029836654663086,,,
106,,7889,,16.69588279724121,,0.8529192805290222,,4.037068843841553,,,
106,,7899,,14.969980239868164,,0.8569774031639099,,3.812903881072998,,,
106,,7909,,9.285646438598633,,0.8725465536117554,,3.010765552520752,,,
106,,7917,,,,,,,10.262979507446289,0.8807576894760132,3.0951876640319824
106,,7917,16.82627296447754,,0.8087083697319031,,4.03581428527832,,,,
,0.001,7918,,,,,,,,,
107,,7919,,10.774726867675781,,0.8951725363731384,,3.265364646911621,,,
107,,7929,,27.23369789123535,,0.7160599827766418,,5.126173973083496,,,
107,,7939,,12.112939834594727,,0.8575788736343384,,3.4568397998809814,,,
107,,7949,,9.751947402954102,,0.8957481980323792,,3.0947577953338623,,,
107,,7959,,16.789316177368164,,0.8050329685211182,,4.024806022644043,,,
107,,7969,,18.73414421081543,,0.82364821434021,,4.31246280670166,,,
107,,7979,,20.778900146484375,,0.8413830399513245,,4.493377685546875,,,
107,,7989,,14.901267051696777,,0.8172507882118225,,3.8440780639648438,,,
107,,7991,,,,,,,10.191634178161621,0.8801849484443665,3.062636613845825
107,,7991,16.87982940673828,,0.8057573437690735,,4.045644760131836,,,,
,0.001,7992,,,,,,,,,
108,,7999,,16.102405548095703,,0.8214960098266602,,4.000703811645508,,,
108,,8009,,17.872962951660156,,0.7763892412185669,,4.191012382507324,,,
108,,8019,,18.313365936279297,,0.7736700773239136,,4.256017684936523,,,
108,,8029,,13.418819427490234,,0.8494737148284912,,3.626209259033203,,,
108,,8039,,13.792858123779297,,0.82952880859375,,3.6974921226501465,,,
108,,8049,,15.758390426635742,,0.8290526866912842,,3.943294048309326,,,
108,,8059,,15.92627239227295,,0.8232771158218384,,3.972977638244629,,,
108,,8065,,,,,,,10.26542854309082,0.8783329129219055,3.11098575592041
108,,8065,17.114503860473633,,0.8045603632926941,,4.073983669281006,,,,
,0.001,8066,,,,,,,,,
109,,8069,,30.07159423828125,,0.6888357996940613,,5.3548173904418945,,,
109,,8079,,23.17926025390625,,0.7417068481445312,,4.771894454956055,,,
109,,8089,,21.17124366760254,,0.7797931432723999,,4.495002746582031,,,
109,,8099,,21.822114944458008,,0.693675696849823,,4.626125335693359,,,
109,,8109,,19.03297996520996,,0.7645655274391174,,4.332943439483643,,,
109,,8119,,14.717185974121094,,0.8286203145980835,,3.8267340660095215,,,
109,,8129,,11.938560485839844,,0.8715972900390625,,3.4336729049682617,,,
109,,8139,,25.45143699645996,,0.5633168816566467,,5.034109115600586,,,
109,,8139,,,,,,,10.526442527770996,0.8777521252632141,3.110494613647461
109,,8139,17.268104553222656,,0.8016608953475952,,4.084270477294922,,,,
,0.001,8140,,,,,,,,,
110,,8149,,11.75682544708252,,0.8779046535491943,,3.418898105621338,,,
110,,8159,,16.932504653930664,,0.8159527778625488,,4.085102081298828,,,
110,,8169,,15.960783958435059,,0.8246881365776062,,3.9736826419830322,,,
110,,8179,,18.704280853271484,,0.7797811627388,,4.30022668838501,,,
110,,8189,,17.90943717956543,,0.7932535409927368,,4.210236072540283,,,
110,,8199,,14.464559555053711,,0.8330410718917847,,3.7877554893493652,,,
110,,8209,,18.427358627319336,,0.8064621090888977,,4.251005172729492,,,
110,,8213,,,,,,,9.40653133392334,0.8897722959518433,2.9734444618225098
110,,8213,16.7821102142334,,0.8081694841384888,,4.028501987457275,,,,
,0.001,8214,,,,,,,,,
111,,8219,,17.800220489501953,,0.792177677154541,,4.151195526123047,,,
111,,8229,,15.865921974182129,,0.8668792843818665,,3.9559149742126465,,,
111,,8239,,19.738014221191406,,0.8278446197509766,,4.396142959594727,,,
111,,8249,,21.88371467590332,,0.719761848449707,,4.648606300354004,,,
111,,8259,,19.772565841674805,,0.788092851638794,,4.398586750030518,,,
111,,8269,,12.981597900390625,,0.8432815074920654,,3.569324016571045,,,
111,,8279,,11.340215682983398,,0.8852723836898804,,3.343111515045166,,,
111,,8287,,,,,,,9.178573608398438,0.8923736810684204,2.9410617351531982
111,,8287,17.562929153442383,,0.8004669547080994,,4.118492126464844,,,,
,0.001,8288,,,,,,,,,
112,,8289,,15.535995483398438,,0.8165825605392456,,3.896883010864258,,,
112,,8299,,15.970966339111328,,0.8416459560394287,,3.9566650390625,,,
112,,8309,,21.78638458251953,,0.8007427453994751,,4.6362762451171875,,,
112,,8319,,22.138986587524414,,0.800271213054657,,4.669983863830566,,,
112,,8329,,15.836027145385742,,0.8230559825897217,,3.9260504245758057,,,
112,,8339,,13.973308563232422,,0.8352376222610474,,3.7068841457366943,,,
112,,8349,,12.476887702941895,,0.8706915974617004,,3.518744707107544,,,
112,,8359,,22.80287742614746,,0.7543084621429443,,4.689845561981201,,,
112,,8361,,,,,,,9.277076721191406,0.8906248211860657,2.9607608318328857
112,,8361,17.15304183959961,,0.8041345477104187,,4.065868854522705,,,,
,0.001,8362,,,,,,,,,
113,,8369,,22.746421813964844,,0.703355073928833,,4.735610008239746,,,
113,,8379,,20.392471313476562,,0.78431236743927,,4.462905406951904,,,
113,,8389,,13.93770980834961,,0.8303617835044861,,3.720757246017456,,,
113,,8399,,16.29395866394043,,0.8044060468673706,,3.9940571784973145,,,
113,,8409,,13.85714054107666,,0.7994536757469177,,3.699430465698242,,,
113,,8419,,12.121328353881836,,0.8387689590454102,,3.46155047416687,,,
113,,8429,,11.384855270385742,,0.877924919128418,,3.328281879425049,,,
113,,8435,,,,,,,10.218727111816406,0.880696177482605,3.077131509780884
113,,8435,16.642316818237305,,0.8083465695381165,,4.015335559844971,,,,
,0.001,8436,,,,,,,,,
114,,8439,,9.799995422363281,,0.8761849403381348,,3.1229734420776367,,,
114,,8449,,18.895769119262695,,0.7985782623291016,,4.32212495803833,,,
114,,8459,,20.105121612548828,,0.7356841564178467,,4.463085651397705,,,
114,,8469,,12.665922164916992,,0.8608880043029785,,3.5011980533599854,,,
114,,8479,,13.530364990234375,,0.8285437226295471,,3.6628968715667725,,,
114,,8489,,13.965450286865234,,0.8362940549850464,,3.690382957458496,,,
114,,8499,,22.127506256103516,,0.754235029220581,,4.660883903503418,,,
114,,8509,,14.045680046081543,,0.7389968037605286,,3.7470383644104004,,,
114,,8509,,,,,,,9.68698787689209,0.8861544132232666,2.999484062194824
114,,8509,17.400903701782227,,0.8014056086540222,,4.098406791687012,,,,
,0.001,8510,,,,,,,,,
115,,8519,,10.13662338256836,,0.8735778331756592,,3.1637911796569824,,,
115,,8529,,20.18647003173828,,0.727368950843811,,4.472885608673096,,,
115,,8539,,23.169219970703125,,0.6388118267059326,,4.805464744567871,,,
115,,8549,,12.232209205627441,,0.8613690137863159,,3.467398166656494,,,
115,,8559,,16.48868179321289,,0.8007274866104126,,4.046019554138184,,,
115,,8569,,11.212373733520508,,0.866661787033081,,3.2980923652648926,,,
115,,8579,,29.147863388061523,,0.6194586753845215,,5.377982139587402,,,
115,,8583,,,,,,,9.446041107177734,0.8892820477485657,2.9720940589904785
115,,8583,17.344356536865234,,0.8015875816345215,,4.092277526855469,,,,
,0.001,8584,,,,,,,,,
116,,8589,,17.40730094909668,,0.7792781591415405,,4.139445781707764,,,
116,,8599,,14.195138931274414,,0.8664809465408325,,3.709432363510132,,,
116,,8609,,28.793886184692383,,0.7048562169075012,,5.317014694213867,,,
116,,8619,,13.86861801147461,,0.846233606338501,,3.706735134124756,,,
116,,8629,,22.997650146484375,,0.7260500192642212,,4.75216817855835,,,
116,,8639,,25.205955505371094,,0.6701720952987671,,4.997003078460693,,,
116,,8649,,20.788740158081055,,0.7926865816116333,,4.522221565246582,,,
116,,8657,,,,,,,8.332379341125488,0.9007885456085205,2.814528465270996
116,,8657,17.13288116455078,,0.8043534755706787,,4.066434860229492,,,,
,0.001,8658,,,,,,,,,
117,,8659,,13.814807891845703,,0.8569703698158264,,3.64845609664917,,,
117,,8669,,21.84087371826172,,0.7484074831008911,,4.612562656402588,,,
117,,8679,,17.92471694946289,,0.8080036640167236,,4.151464462280273,,,
117,,8689,,14.329753875732422,,0.8541353940963745,,3.7602667808532715,,,
117,,8699,,13.823036193847656,,0.8152923583984375,,3.6974499225616455,,,
117,,8709,,15.936208724975586,,0.8359416723251343,,3.9856815338134766,,,
117,,8719,,21.49151611328125,,0.6339092254638672,,4.6127119064331055,,,
117,,8729,,15.502091407775879,,0.8052343726158142,,3.8831300735473633,,,
117,,8731,,,,,,,8.17006778717041,0.9028839468955994,2.781989812850952
117,,8731,17.172086715698242,,0.8045838475227356,,4.061428070068359,,,,
,0.001,8732,,,,,,,,,
118,,8739,,20.56647491455078,,0.7868257164955139,,4.509202480316162,,,
118,,8749,,17.143657684326172,,0.7979744672775269,,4.123666763305664,,,
118,,8759,,13.809638977050781,,0.8591254949569702,,3.7031657695770264,,,
118,,8769,,13.849967002868652,,0.8860635757446289,,3.7067949771881104,,,
118,,8779,,20.523273468017578,,0.7153605222702026,,4.467085838317871,,,
118,,8789,,26.326955795288086,,0.699863851070404,,5.122121810913086,,,
118,,8799,,22.159868240356445,,0.700522243976593,,4.672392845153809,,,
118,,8805,,,,,,,9.037924766540527,0.8954086899757385,2.8782529830932617
118,,8805,16.984272003173828,,0.8039011359214783,,4.051494121551514,,,,
,0.001,8806,,,,,,,,,
119,,8809,,14.957962036132812,,0.8380325436592102,,3.8382303714752197,,,
119,,8819,,21.024625778198242,,0.8174911737442017,,4.5410380363464355,,,
119,,8829,,12.263260841369629,,0.8507564067840576,,3.472499370574951,,,
119,,8839,,20.020145416259766,,0.7867480516433716,,4.4503302574157715,,,
119,,8849,,15.272361755371094,,0.7847341895103455,,3.858344078063965,,,
119,,8859,,18.99124526977539,,0.7794045209884644,,4.309991836547852,,,
119,,8869,,20.245330810546875,,0.7526105642318726,,4.4897050857543945,,,
119,,8879,,13.248673439025879,,0.746008038520813,,3.6264915466308594,,,
119,,8879,,,,,,,9.356700897216797,0.8897581696510315,2.930694103240967
119,,8879,16.347877502441406,,0.8115360736846924,,3.965351104736328,,,,
,0.001,8880,,,,,,,,,
120,,8889,,15.026823043823242,,0.8512575030326843,,3.85203218460083,,,
120,,8899,,13.89035701751709,,0.861891508102417,,3.705204486846924,,,
120,,8909,,15.48281478881836,,0.8429619073867798,,3.8753113746643066,,,
120,,8919,,14.550731658935547,,0.8727288842201233,,3.7742393016815186,,,
120,,8929,,14.620316505432129,,0.8514590859413147,,3.8126742839813232,,,
120,,8939,,13.687746047973633,,0.8270524144172668,,3.675525426864624,,,
120,,8949,,13.548938751220703,,0.828069806098938,,3.6632816791534424,,,
120,,8953,,,,,,,9.185314178466797,0.8918038606643677,2.946338176727295
120,,8953,16.511608123779297,,0.8104070425033569,,3.992936849594116,,,,
,0.001,8954,,,,,,,,,
121,,8959,,20.23993682861328,,0.7386679649353027,,4.414397239685059,,,
121,,8969,,14.354490280151367,,0.8420536518096924,,3.7553048133850098,,,
121,,8979,,17.77899742126465,,0.7986820936203003,,4.183941841125488,,,
121,,8989,,19.7430419921875,,0.8116666078567505,,4.393770217895508,,,
121,,8999,,16.245479583740234,,0.8239367604255676,,3.9691710472106934,,,
121,,9009,,21.992835998535156,,0.7549066543579102,,4.666225433349609,,,
121,,9019,,16.549057006835938,,0.7564871311187744,,4.033893585205078,,,
121,,9027,,,,,,,9.231149673461914,0.8922903537750244,2.925009250640869
121,,9027,16.848573684692383,,0.8058672547340393,,4.034482479095459,,,,
,0.001,9028,,,,,,,,,
122,,9029,,14.5298433303833,,0.8603549599647522,,3.7897396087646484,,,
122,,9039,,13.969425201416016,,0.8149973750114441,,3.7024166584014893,,,
122,,9049,,13.244348526000977,,0.8537115454673767,,3.623077869415283,,,
122,,9059,,24.04539680480957,,0.7617833018302917,,4.843446731567383,,,
122,,9069,,12.605958938598633,,0.8645610809326172,,3.5315637588500977,,,
122,,9079,,13.21680736541748,,0.8488433361053467,,3.578592300415039,,,
122,,9089,,12.278646469116211,,0.8647046089172363,,3.330366849899292,,,
122,,9099,,21.874053955078125,,0.7336301803588867,,4.623134136199951,,,
122,,9101,,,,,,,10.403116226196289,0.8779731392860413,3.0818521976470947
122,,9101,17.090213775634766,,0.8021493554115295,,4.056587219238281,,,,
,0.001,9102,,,,,,,,,
123,,9109,,15.984040260314941,,0.8225105404853821,,3.9429972171783447,,,
123,,9119,,17.762279510498047,,0.7784274816513062,,4.159300804138184,,,
123,,9129,,18.395315170288086,,0.7921611070632935,,4.273988723754883,,,
123,,9139,,19.326452255249023,,0.7355271577835083,,4.363885879516602,,,
123,,9149,,12.54891586303711,,0.8741775751113892,,3.514063835144043,,,
123,,9159,,27.05253028869629,,0.6271194815635681,,5.19703483581543,,,
123,,9169,,12.073293685913086,,0.8886052370071411,,3.3994438648223877,,,
123,,9175,,,,,,,8.376890182495117,0.9010103344917297,2.786398410797119
123,,9175,17.510025024414062,,0.797620415687561,,4.10730504989624,,,,
,0.001,9176,,,,,,,,,
124,,9179,,17.83213996887207,,0.8046172857284546,,4.200354099273682,,,
124,,9189,,11.707305908203125,,0.869562566280365,,3.3748700618743896,,,
124,,9199,,14.743995666503906,,0.7977238893508911,,3.8136072158813477,,,
124,,9209,,12.772594451904297,,0.8481839895248413,,3.521030902862549,,,
124,,9219,,17.67936897277832,,0.7459094524383545,,4.178503036499023,,,
124,,9229,,16.873516082763672,,0.793245255947113,,4.078826904296875,,,
124,,9239,,12.375673294067383,,0.8651368021965027,,3.4556522369384766,,,
124,,9249,,17.409292221069336,,0.6881182193756104,,4.043581008911133,,,
124,,9249,,,,,,,9.329997062683105,0.8904029130935669,2.9248714447021484
124,,9249,16.194782257080078,,0.81329745054245,,3.958479404449463,,,,
,0.001,9250,,,,,,,,,
125,,9259,,18.41028594970703,,0.831100583076477,,4.258939743041992,,,
125,,9269,,9.542228698730469,,0.8855996131896973,,3.087571144104004,,,
125,,9279,,16.477863311767578,,0.8219243884086609,,4.034071922302246,,,
125,,9289,,17.019372940063477,,0.8238320350646973,,4.069677352905273,,,
125,,9299,,23.316068649291992,,0.6454282402992249,,4.81808614730835,,,
125,,9309,,17.49395179748535,,0.8105274438858032,,4.16165018081665,,,
125,,9319,,20.108308792114258,,0.7691969871520996,,4.435142993927002,,,
125,,9323,,,,,,,8.321451187133789,0.9027391672134399,2.786717176437378
125,,9323,17.031648635864258,,0.8054759502410889,,4.055284023284912,,,,
,0.001,9324,,,,,,,,,
126,,9329,,15.412137985229492,,0.7650479078292847,,3.880603551864624,,,
126,,9339,,13.124464988708496,,0.8528233170509338,,3.5917038917541504,,,
126,,9349,,11.659767150878906,,0.8723471760749817,,3.396599769592285,,,
126,,9359,,20.203529357910156,,0.7975565791130066,,4.459109783172607,,,
126,,9369,,19.00066566467285,,0.7011775970458984,,4.3060760498046875,,,
126,,9379,,17.61122703552246,,0.8020395040512085,,4.1803669929504395,,,
126,,9389,,12.106456756591797,,0.8753492832183838,,3.439586639404297,,,
126,,9397,,,,,,,8.50039005279541,0.9008973240852356,2.81683349609375
126,,9397,16.801939010620117,,0.8047451972961426,,4.022152423858643,,,,
,0.001,9398,,,,,,,,,
127,,9399,,14.107786178588867,,0.846705973148346,,3.7304561138153076,,,
127,,9409,,19.120803833007812,,0.7378401756286621,,4.321593284606934,,,
127,,9419,,14.600744247436523,,0.8454198837280273,,3.7617263793945312,,,
127,,9429,,15.395548820495605,,0.8372082710266113,,3.9057297706604004,,,
127,,9439,,34.17972183227539,,0.7103617787361145,,5.810420036315918,,,
127,,9449,,14.725435256958008,,0.8699086904525757,,3.7744288444519043,,,
127,,9459,,11.565650939941406,,0.87493497133255,,3.358001947402954,,,
127,,9469,,11.465978622436523,,0.8759341239929199,,3.373331308364868,,,
127,,9471,,,,,,,8.61124324798584,0.8988202214241028,2.8442888259887695
127,,9471,15.775538444519043,,0.8211722373962402,,3.907410144805908,,,,
,0.001,9472,,,,,,,,,
128,,9479,,9.956958770751953,,0.8932049870491028,,3.1272428035736084,,,
128,,9489,,18.229650497436523,,0.8012601137161255,,4.26009464263916,,,
128,,9499,,18.52850914001465,,0.7591207027435303,,4.291203498840332,,,
128,,9509,,11.925336837768555,,0.8649623990058899,,3.4198203086853027,,,
128,,9519,,12.804688453674316,,0.8666806221008301,,3.5540592670440674,,,
128,,9529,,19.867835998535156,,0.8196576833724976,,4.413171768188477,,,
128,,9539,,12.91496753692627,,0.8726633787155151,,3.5689005851745605,,,
128,,9545,,,,,,,10.289480209350586,0.8781462907791138,3.0934507846832275
128,,9545,17.005168914794922,,0.8058140873908997,,4.0474467277526855,,,,
,0.001,9546,,,,,,,,,
129,,9549,,14.422029495239258,,0.7572242617607117,,3.788109302520752,,,
129,,9559,,17.942304611206055,,0.7981370687484741,,4.212869644165039,,,
129,,9569,,13.46230411529541,,0.8608508110046387,,3.6228816509246826,,,
129,,9579,,18.497081756591797,,0.8261075615882874,,4.203812122344971,,,
129,,9589,,11.264875411987305,,0.8625493049621582,,3.3373870849609375,,,
129,,9599,,16.506315231323242,,0.8209899663925171,,4.023212909698486,,,
129,,9609,,17.418376922607422,,0.8059415817260742,,4.137916088104248,,,
129,,9619,,16.485708236694336,,0.8424436450004578,,4.006802082061768,,,
129,,9619,,,,,,,8.74036693572998,0.8957934975624084,2.8485445976257324
129,,9619,16.18584632873535,,0.8150652050971985,,3.9418840408325195,,,,
,0.001,9620,,,,,,,,,
130,,9629,,10.000892639160156,,0.8581868410110474,,3.126305341720581,,,
130,,9639,,16.69650650024414,,0.8158557415008545,,4.043914318084717,,,
130,,9649,,9.961917877197266,,0.8724347352981567,,3.1287174224853516,,,
130,,9659,,19.10762596130371,,0.8044708371162415,,4.3381028175354,,,
130,,9669,,13.234240531921387,,0.8576452732086182,,3.588878631591797,,,
130,,9679,,18.88956069946289,,0.8064994812011719,,4.3162713050842285,,,
130,,9689,,13.337589263916016,,0.8314712643623352,,3.643171787261963,,,
130,,9693,,,,,,,8.657730102539062,0.898380696773529,2.8568003177642822
130,,9693,15.77302074432373,,0.8172607421875,,3.8970844745635986,,,,
,0.001,9694,,,,,,,,,
131,,9699,,10.723150253295898,,0.8773301243782043,,3.25837779045105,,,
131,,9709,,28.901275634765625,,0.7745262384414673,,5.298251152038574,,,
131,,9719,,12.789398193359375,,0.8558746576309204,,3.5377588272094727,,,
131,,9729,,18.76301383972168,,0.7795728445053101,,4.3193888664245605,,,
131,,9739,,16.204212188720703,,0.799504280090332,,4.00628662109375,,,
131,,9749,,12.748188018798828,,0.8580027222633362,,3.569930076599121,,,
131,,9759,,16.272544860839844,,0.7882074117660522,,3.9963746070861816,,,
131,,9767,,,,,,,9.496214866638184,0.8881543874740601,2.987041473388672
131,,9767,16.52402114868164,,0.8134211897850037,,3.991544246673584,,,,
,0.001,9768,,,,,,,,,
132,,9769,,20.134288787841797,,0.8157697916030884,,4.450597763061523,,,
132,,9779,,14.365361213684082,,0.7792237997055054,,3.7484774589538574,,,
132,,9789,,16.917278289794922,,0.7813442945480347,,4.094270706176758,,,
132,,9799,,11.424627304077148,,0.8700425028800964,,3.3408336639404297,,,
132,,9809,,18.00695037841797,,0.7447385787963867,,4.225718021392822,,,
132,,9819,,16.94858169555664,,0.840559720993042,,4.086482524871826,,,
132,,9829,,16.01502799987793,,0.822966456413269,,3.955949306488037,,,
132,,9839,,13.470211029052734,,0.8619660139083862,,3.6205618381500244,,,
132,,9841,,,,,,,8.464184761047363,0.9005057215690613,2.813450574874878
132,,9841,16.146926879882812,,0.8146197199821472,,3.9462287425994873,,,,
,0.001,9842,,,,,,,,,
133,,9849,,11.97946834564209,,0.8442608118057251,,3.4430596828460693,,,
133,,9859,,14.83969783782959,,0.7711145877838135,,3.8327009677886963,,,
133,,9869,,12.324627876281738,,0.8883806467056274,,3.4755401611328125,,,
133,,9879,,10.101268768310547,,0.8748328685760498,,3.156581401824951,,,
133,,9889,,16.422752380371094,,0.771118700504303,,4.023007392883301,,,
133,,9899,,13.353311538696289,,0.8183588981628418,,3.617039918899536,,,
133,,9909,,14.231331825256348,,0.847800612449646,,3.7349600791931152,,,
133,,9915,,,,,,,9.985893249511719,0.8833975791931152,3.040804862976074
133,,9915,16.3828067779541,,0.8128738403320312,,3.968653678894043,,,,
,0.001,9916,,,,,,,,,
134,,9919,,15.26697063446045,,0.855551540851593,,3.8596198558807373,,,
134,,9929,,25.323379516601562,,0.8009129166603088,,4.915769577026367,,,
134,,9939,,11.323081970214844,,0.8742074966430664,,3.3502511978149414,,,
134,,9949,,10.061044692993164,,0.9062787294387817,,3.151787281036377,,,
134,,9959,,13.90163516998291,,0.8427239060401917,,3.701862335205078,,,
134,,9969,,14.951164245605469,,0.8183743953704834,,3.8540143966674805,,,
134,,9979,,12.156866073608398,,0.857877254486084,,3.4646897315979004,,,
134,,9989,,25.86265754699707,,0.665221095085144,,5.035161018371582,,,
134,,9989,,,,,,,8.254321098327637,0.9046334624290466,2.777853488922119
134,,9989,15.564730644226074,,0.8222620487213135,,3.881044626235962,,,,
,0.001,9990,,,,,,,,,
135,,9999,,17.41754913330078,,0.697974681854248,,4.145785808563232,,,
135,,10009,,16.84305763244629,,0.8256998062133789,,4.101406574249268,,,
135,,10019,,11.775564193725586,,0.8800016641616821,,3.41102933883667,,,
135,,10029,,13.182917594909668,,0.828676700592041,,3.563368320465088,,,
135,,10039,,10.947565078735352,,0.8600292205810547,,3.263676643371582,,,
135,,10049,,19.449687957763672,,0.7199548482894897,,4.379131317138672,,,
135,,10059,,22.75942611694336,,0.7653414011001587,,4.719607353210449,,,
135,,10063,,,,,,,8.855096817016602,0.8971162438392639,2.875194787979126
135,,10063,16.034507751464844,,0.8166520595550537,,3.933335304260254,,,,
,0.001,10064,,,,,,,,,
136,,10069,,13.227293968200684,,0.8096531629562378,,3.6172800064086914,,,
136,,10079,,12.490968704223633,,0.8534195423126221,,3.5049307346343994,,,
136,,10089,,16.845657348632812,,0.8077237606048584,,4.087225914001465,,,
136,,10099,,12.446044921875,,0.8580484986305237,,3.511204719543457,,,
136,,10109,,14.02835464477539,,0.845717191696167,,3.7415292263031006,,,
136,,10119,,10.554089546203613,,0.8873113393783569,,3.21099853515625,,,
136,,10129,,22.643840789794922,,0.698354959487915,,4.749338150024414,,,
136,,10137,,,,,,,8.718902587890625,0.8989017605781555,2.8572659492492676
136,,10137,15.674602508544922,,0.8227087259292603,,3.884031295776367,,,,
,0.001,10138,,,,,,,,,
137,,10139,,16.20338249206543,,0.7959645986557007,,3.9820172786712646,,,
137,,10149,,12.049760818481445,,0.8337600827217102,,3.4303479194641113,,,
137,,10159,,15.951952934265137,,0.8506445288658142,,3.976472854614258,,,
137,,10169,,15.624309539794922,,0.8334450125694275,,3.903247833251953,,,
137,,10179,,12.305320739746094,,0.8428213596343994,,3.4878926277160645,,,
137,,10189,,13.657511711120605,,0.8470449447631836,,3.649977922439575,,,
137,,10199,,16.614328384399414,,0.809119462966919,,4.0502519607543945,,,
137,,10209,,17.944398880004883,,0.7849525809288025,,4.209844589233398,,,
137,,10211,,,,,,,8.90488338470459,0.8961184620857239,2.8773193359375
137,,10211,16.01288604736328,,0.81658935546875,,3.9284324645996094,,,,
138,,10212,,,,,,,8.17006778717041,0.9028839468955994,2.781989812850952
